#x,F,F/KT,Gamma,m
-1.000 0.0000 0.0000 50.0000 1.0000
-0.998 0.0000 0.0000 50.0000 1.0000
-0.996 0.0000 0.0000 50.0000 1.0000
-0.994 0.0000 0.0000 50.0000 1.0000
-0.992 0.0000 0.0000 50.0000 1.0000
-0.990 0.0000 0.0000 50.0000 1.0000
-0.988 0.0000 0.0000 50.0000 1.0000
-0.986 0.0000 0.0000 50.0000 1.0000
-0.984 0.0000 0.0000 50.0000 1.0000
-0.982 0.0000 0.0000 50.0000 1.0000
-0.980 0.0000 0.0000 50.0000 1.0000
-0.978 0.0000 0.0000 50.0000 1.0000
-0.976 0.0000 0.0000 50.0000 1.0000
-0.974 0.0000 0.0000 50.0000 1.0000
-0.972 0.0000 0.0000 50.0000 1.0000
-0.970 0.0000 0.0000 50.0000 1.0000
-0.968 0.0000 0.0000 50.0000 1.0000
-0.966 0.0000 0.0000 50.0000 1.0000
-0.964 0.0000 0.0000 50.0000 1.0000
-0.962 0.0000 0.0000 50.0000 1.0000
-0.960 0.0000 0.0000 50.0000 1.0000
-0.958 0.0000 0.0000 50.0000 1.0000
-0.956 0.0000 0.0000 50.0000 1.0000
-0.954 0.0000 0.0000 50.0000 1.0000
-0.952 0.0000 0.0000 50.0000 1.0000
-0.950 0.0000 0.0000 50.0000 1.0000
-0.948 0.0000 0.0000 50.0000 1.0000
-0.946 0.0000 0.0000 50.0000 1.0000
-0.944 0.0000 0.0000 50.0000 1.0000
-0.942 0.0000 0.0000 50.0000 1.0000
-0.940 0.0000 0.0000 50.0000 1.0000
-0.938 0.0000 0.0000 50.0000 1.0000
-0.936 0.0000 0.0000 50.0000 1.0000
-0.934 0.0000 0.0000 50.0000 1.0000
-0.932 0.0000 0.0000 50.0000 1.0000
-0.930 0.0000 0.0000 50.0000 1.0000
-0.928 0.0000 0.0000 50.0000 1.0000
-0.926 0.0000 0.0000 50.0000 1.0000
-0.924 0.0000 0.0000 50.0000 1.0000
-0.922 0.0000 0.0000 50.0000 1.0000
-0.920 0.0000 0.0000 50.0000 1.0000
-0.918 0.0000 0.0000 50.0000 1.0000
-0.916 0.0000 0.0000 50.0000 1.0000
-0.914 0.0000 0.0000 50.0000 1.0000
-0.912 0.0000 0.0000 50.0000 1.0000
-0.910 0.0000 0.0000 50.0000 1.0000
-0.908 0.0000 0.0000 50.0000 1.0000
-0.906 0.0000 0.0000 50.0000 1.0000
-0.904 0.0000 0.0000 50.0000 1.0000
-0.902 0.0000 0.0000 50.0000 1.0000
-0.900 0.0000 0.0000 50.0000 1.0000
-0.898 0.0000 0.0000 50.0000 1.0000
-0.896 0.0000 0.0000 50.0000 1.0000
-0.894 0.0000 0.0000 50.0000 1.0000
-0.892 0.0000 0.0000 50.0000 1.0000
-0.890 0.0000 0.0000 50.0000 1.0000
-0.888 0.0000 0.0000 50.0000 1.0000
-0.886 0.0000 0.0000 50.0000 1.0000
-0.884 0.0000 0.0000 50.0000 1.0000
-0.882 0.0000 0.0000 50.0000 1.0000
-0.880 0.0000 0.0000 50.0000 1.0000
-0.878 0.0000 0.0000 50.0000 1.0000
-0.876 0.0000 0.0000 50.0000 1.0000
-0.874 0.0000 0.0000 50.0000 1.0000
-0.872 0.0000 0.0000 50.0000 1.0000
-0.870 0.0000 0.0000 50.0000 1.0000
-0.868 0.0000 0.0000 50.0000 1.0000
-0.866 0.0000 0.0000 50.0000 1.0000
-0.864 0.0000 0.0000 50.0000 1.0000
-0.862 0.0000 0.0000 50.0000 1.0000
-0.860 0.0000 0.0000 50.0000 1.0000
-0.858 0.0000 0.0000 50.0000 1.0000
-0.856 0.0000 0.0000 50.0000 1.0000
-0.854 0.0000 0.0000 50.0000 1.0000
-0.852 0.0000 0.0000 50.0000 1.0000
-0.850 0.0000 0.0000 50.0000 1.0000
-0.848 0.0000 0.0000 50.0000 1.0000
-0.846 0.0000 0.0000 50.0000 1.0000
-0.844 0.0000 0.0000 50.0000 1.0000
-0.842 0.0000 0.0000 50.0000 1.0000
-0.840 0.0000 0.0000 50.0000 1.0000
-0.838 0.0000 0.0000 50.0000 1.0000
-0.836 0.0000 0.0000 50.0000 1.0000
-0.834 0.0000 0.0000 50.0000 1.0000
-0.832 0.0000 0.0000 50.0000 1.0000
-0.830 0.0000 0.0000 50.0000 1.0000
-0.828 0.0000 0.0000 50.0000 1.0000
-0.826 0.0000 0.0000 50.0000 1.0000
-0.824 0.0000 0.0000 50.0000 1.0000
-0.822 0.0000 0.0000 50.0000 1.0000
-0.820 0.0000 0.0000 50.0000 1.0000
-0.818 0.0000 0.0000 50.0000 1.0000
-0.816 0.0000 0.0000 50.0000 1.0000
-0.814 0.0000 0.0000 50.0000 1.0000
-0.812 0.0000 0.0000 50.0000 1.0000
-0.810 0.0000 0.0000 50.0000 1.0000
-0.808 0.0000 0.0000 50.0000 1.0000
-0.806 0.0000 0.0000 50.0000 1.0000
-0.804 0.0000 0.0000 50.0000 1.0000
-0.802 0.0000 0.0000 50.0000 1.0000
-0.800 0.0000 0.0000 50.0000 1.0000
-0.798 0.0000 0.0000 50.0000 1.0000
-0.796 0.0000 0.0000 50.0000 1.0000
-0.794 0.0000 0.0000 50.0000 1.0000
-0.792 0.0000 0.0000 50.0000 1.0000
-0.790 0.0000 0.0000 50.0000 1.0000
-0.788 0.0000 0.0000 50.0000 1.0000
-0.786 0.0000 0.0000 50.0000 1.0000
-0.784 0.0000 0.0000 50.0000 1.0000
-0.782 0.0000 0.0000 50.0000 1.0000
-0.780 0.0000 0.0000 50.0000 1.0000
-0.778 0.0000 0.0000 50.0000 1.0000
-0.776 0.0000 0.0000 50.0000 1.0000
-0.774 0.0000 0.0000 50.0000 1.0000
-0.772 0.0000 0.0000 50.0000 1.0000
-0.770 0.0000 0.0000 50.0000 1.0000
-0.768 0.0000 0.0000 50.0000 1.0000
-0.766 0.0000 0.0000 50.0000 1.0000
-0.764 0.0000 0.0000 50.0000 1.0000
-0.762 0.0000 0.0000 50.0000 1.0000
-0.760 0.0000 0.0000 50.0000 1.0000
-0.758 0.0000 0.0000 50.0000 1.0000
-0.756 0.0000 0.0000 50.0000 1.0000
-0.754 0.0000 0.0000 50.0000 1.0000
-0.752 0.0000 0.0000 50.0000 1.0000
-0.750 0.0000 0.0000 50.0000 1.0000
-0.748 0.0000 0.0000 50.0000 1.0000
-0.746 0.0000 0.0000 50.0000 1.0000
-0.744 0.0000 0.0000 50.0000 1.0000
-0.742 0.0000 0.0000 50.0000 1.0000
-0.740 0.0000 0.0000 50.0000 1.0000
-0.738 0.0000 0.0000 50.0000 1.0000
-0.736 0.0000 0.0000 50.0000 1.0000
-0.734 0.0000 0.0000 50.0000 1.0000
-0.732 0.0000 0.0000 50.0000 1.0000
-0.730 0.0000 0.0000 50.0000 1.0000
-0.728 0.0000 0.0000 50.0000 1.0000
-0.726 0.0000 0.0000 50.0000 1.0000
-0.724 0.0000 0.0000 50.0000 1.0000
-0.722 0.0000 0.0000 50.0000 1.0000
-0.720 0.0000 0.0000 50.0000 1.0000
-0.718 0.0000 0.0000 50.0000 1.0000
-0.716 0.0000 0.0000 50.0000 1.0000
-0.714 0.0000 0.0000 50.0000 1.0000
-0.712 0.0000 0.0000 50.0000 1.0000
-0.710 0.0000 0.0000 50.0000 1.0000
-0.708 0.0000 0.0000 50.0000 1.0000
-0.706 0.0000 0.0000 50.0000 1.0000
-0.704 0.0000 0.0000 50.0000 1.0000
-0.702 0.0000 0.0000 50.0000 1.0000
-0.700 0.0000 0.0000 50.0000 1.0000
-0.698 0.0000 0.0000 50.0000 1.0000
-0.696 0.0000 0.0000 50.0000 1.0000
-0.694 0.0000 0.0000 50.0000 1.0000
-0.692 0.0000 0.0000 50.0000 1.0000
-0.690 0.0000 0.0000 50.0000 1.0000
-0.688 0.0000 0.0000 50.0000 1.0000
-0.686 0.0000 0.0000 50.0000 1.0000
-0.684 0.0000 0.0000 50.0000 1.0000
-0.682 0.0000 0.0000 50.0000 1.0000
-0.680 0.0000 0.0000 50.0000 1.0000
-0.678 0.0000 0.0000 50.0000 1.0000
-0.676 0.0000 0.0000 50.0000 1.0000
-0.674 0.0000 0.0000 50.0000 1.0000
-0.672 0.0000 0.0000 50.0000 1.0000
-0.670 0.0000 0.0000 50.0000 1.0000
-0.668 0.0000 0.0000 50.0000 1.0000
-0.666 0.0000 0.0000 50.0000 1.0000
-0.664 0.0000 0.0000 50.0000 1.0000
-0.662 0.0000 0.0000 50.0000 1.0000
-0.660 0.0000 0.0000 50.0000 1.0000
-0.658 0.0000 0.0000 50.0000 1.0000
-0.656 0.0000 0.0000 50.0000 1.0000
-0.654 0.0000 0.0000 50.0000 1.0000
-0.652 0.0000 0.0000 50.0000 1.0000
-0.650 0.0000 0.0000 50.0000 1.0000
-0.648 0.0000 0.0000 50.0000 1.0000
-0.646 0.0000 0.0000 50.0000 1.0000
-0.644 0.0000 0.0000 50.0000 1.0000
-0.642 0.0000 0.0000 50.0000 1.0000
-0.640 0.0000 0.0000 50.0000 1.0000
-0.638 0.0000 0.0000 50.0000 1.0000
-0.636 0.0000 0.0000 50.0000 1.0000
-0.634 0.0000 0.0000 50.0000 1.0000
-0.632 0.0000 0.0000 50.0000 1.0000
-0.630 0.0000 0.0000 50.0000 1.0000
-0.628 0.0000 0.0000 50.0000 1.0000
-0.626 0.0000 0.0000 50.0000 1.0000
-0.624 0.0000 0.0000 50.0000 1.0000
-0.622 0.0000 0.0000 50.0000 1.0000
-0.620 0.0000 0.0000 50.0000 1.0000
-0.618 0.0000 0.0000 50.0000 1.0000
-0.616 0.0000 0.0000 50.0000 1.0000
-0.614 0.0000 0.0000 50.0000 1.0000
-0.612 0.0000 0.0000 50.0000 1.0000
-0.610 0.0000 0.0000 50.0000 1.0000
-0.608 0.0000 0.0000 50.0000 1.0000
-0.606 0.0000 0.0000 50.0000 1.0000
-0.604 0.0000 0.0000 50.0000 1.0000
-0.602 0.0000 0.0000 50.0000 1.0000
-0.600 0.0000 0.0000 50.0000 1.0000
-0.598 0.0000 0.0000 50.0000 1.0000
-0.596 0.0000 0.0000 50.0000 1.0000
-0.594 0.0000 0.0000 50.0000 1.0000
-0.592 0.0000 0.0000 50.0000 1.0000
-0.590 0.0000 0.0000 50.0000 1.0000
-0.588 0.0000 0.0000 50.0000 1.0000
-0.586 0.0000 0.0000 50.0000 1.0000
-0.584 0.0000 0.0000 50.0000 1.0000
-0.582 0.0000 0.0000 50.0000 1.0000
-0.580 0.0000 0.0000 50.0000 1.0000
-0.578 0.0000 0.0000 50.0000 1.0000
-0.576 0.0000 0.0000 50.0000 1.0000
-0.574 0.0000 0.0000 50.0000 1.0000
-0.572 0.0000 0.0000 50.0000 1.0000
-0.570 0.0000 0.0000 50.0000 1.0000
-0.568 0.0000 0.0000 50.0000 1.0000
-0.566 0.0000 0.0000 50.0000 1.0000
-0.564 0.0000 0.0000 50.0000 1.0000
-0.562 0.0000 0.0000 50.0000 1.0000
-0.560 0.0000 0.0000 50.0000 1.0000
-0.558 0.0000 0.0000 50.0000 1.0000
-0.556 0.0000 0.0000 50.0000 1.0000
-0.554 0.0000 0.0000 50.0000 1.0000
-0.552 0.0000 0.0000 50.0000 1.0000
-0.550 0.0000 0.0000 50.0000 1.0000
-0.548 0.0000 0.0000 50.0000 1.0000
-0.546 0.0000 0.0000 50.0000 1.0000
-0.544 0.0000 0.0000 50.0000 1.0000
-0.542 0.0000 0.0000 50.0000 1.0000
-0.540 0.0000 0.0000 50.0000 1.0000
-0.538 0.0000 0.0000 50.0000 1.0000
-0.536 0.0000 0.0000 50.0000 1.0000
-0.534 0.0000 0.0000 50.0000 1.0000
-0.532 0.0000 0.0000 50.0000 1.0000
-0.530 0.0000 0.0000 50.0000 1.0000
-0.528 0.0000 0.0000 50.0000 1.0000
-0.526 0.0000 0.0000 50.0000 1.0000
-0.524 0.0000 0.0000 50.0000 1.0000
-0.522 0.0000 0.0000 50.0000 1.0000
-0.520 0.0000 0.0000 50.0000 1.0000
-0.518 0.0000 0.0000 50.0000 1.0000
-0.516 0.0000 0.0000 50.0000 1.0000
-0.514 0.0000 0.0000 50.0000 1.0000
-0.512 0.0000 0.0000 50.0000 1.0000
-0.510 0.0000 0.0000 50.0000 1.0000
-0.508 0.0000 0.0000 50.0000 1.0000
-0.506 0.0000 0.0000 50.0000 1.0000
-0.504 0.0000 0.0000 50.0000 1.0000
-0.502 0.0000 0.0000 50.0000 1.0000
-0.500 0.0000 0.0000 50.0000 1.0000
-0.498 0.0000 0.0000 50.0000 1.0000
-0.496 0.0000 0.0000 50.0000 1.0000
-0.494 0.0000 0.0000 50.0000 1.0000
-0.492 0.0000 0.0000 50.0000 1.0000
-0.490 0.0000 0.0000 50.0000 1.0000
-0.488 0.0000 0.0000 50.0000 1.0000
-0.486 0.0000 0.0000 50.0000 1.0000
-0.484 0.0000 0.0000 50.0000 1.0000
-0.482 0.0000 0.0000 50.0000 1.0000
-0.480 0.0000 0.0000 50.0000 1.0000
-0.478 0.0000 0.0000 50.0000 1.0000
-0.476 0.0000 0.0000 50.0000 1.0000
-0.474 0.0000 0.0000 50.0000 1.0000
-0.472 0.0000 0.0000 50.0000 1.0000
-0.470 0.0000 0.0000 50.0000 1.0000
-0.468 0.0000 0.0000 50.0000 1.0000
-0.466 0.0000 0.0000 50.0000 1.0000
-0.464 0.0000 0.0000 50.0000 1.0000
-0.462 0.0000 0.0000 50.0000 1.0000
-0.460 0.0000 0.0000 50.0000 1.0000
-0.458 0.0000 0.0000 50.0000 1.0000
-0.456 0.0000 0.0000 50.0000 1.0000
-0.454 0.0000 0.0000 50.0000 1.0000
-0.452 0.0000 0.0000 50.0000 1.0000
-0.450 0.0000 0.0000 50.0000 1.0000
-0.448 0.0000 0.0000 50.0000 1.0000
-0.446 0.0000 0.0000 50.0000 1.0000
-0.444 0.0000 0.0000 50.0000 1.0000
-0.442 0.0000 0.0000 50.0000 1.0000
-0.440 0.0000 0.0000 50.0000 1.0000
-0.438 0.0000 0.0000 50.0000 1.0000
-0.436 0.0000 0.0000 50.0000 1.0000
-0.434 0.0000 0.0000 50.0000 1.0000
-0.432 0.0000 0.0000 50.0000 1.0000
-0.430 0.0000 0.0000 50.0000 1.0000
-0.428 0.0000 0.0000 50.0000 1.0000
-0.426 0.0000 0.0000 50.0000 1.0000
-0.424 0.0000 0.0000 50.0000 1.0000
-0.422 0.0000 0.0000 50.0000 1.0000
-0.420 0.0000 0.0000 50.0000 1.0000
-0.418 0.0000 0.0000 50.0000 1.0000
-0.416 0.0000 0.0000 50.0000 1.0000
-0.414 0.0000 0.0000 50.0000 1.0000
-0.412 0.0000 0.0000 50.0000 1.0000
-0.410 0.0000 0.0000 50.0000 1.0000
-0.408 0.0000 0.0000 50.0000 1.0000
-0.406 0.0000 0.0000 50.0000 1.0000
-0.404 0.0000 0.0000 50.0000 1.0000
-0.402 0.0000 0.0000 50.0000 1.0000
-0.400 0.0000 0.0000 50.0000 1.0000
-0.398 0.0000 0.0000 50.0000 1.0000
-0.396 0.0000 0.0000 50.0000 1.0000
-0.394 0.0000 0.0000 50.0000 1.0000
-0.392 0.0000 0.0000 50.0000 1.0000
-0.390 0.0000 0.0000 50.0000 1.0000
-0.388 0.0000 0.0000 50.0000 1.0000
-0.386 0.0000 0.0000 50.0000 1.0000
-0.384 0.0000 0.0000 50.0000 1.0000
-0.382 0.0000 0.0000 50.0000 1.0000
-0.380 0.0000 0.0000 50.0000 1.0000
-0.378 0.0000 0.0000 50.0000 1.0000
-0.376 0.0000 0.0000 50.0000 1.0000
-0.374 0.0000 0.0000 50.0000 1.0000
-0.372 0.0000 0.0000 50.0000 1.0000
-0.370 0.0000 0.0000 50.0000 1.0000
-0.368 0.0000 0.0000 50.0000 1.0000
-0.366 0.0000 0.0000 50.0000 1.0000
-0.364 0.0000 0.0000 50.0000 1.0000
-0.362 0.0000 0.0000 50.0000 1.0000
-0.360 0.0000 0.0000 50.0000 1.0000
-0.358 0.0000 0.0000 50.0000 1.0000
-0.356 0.0000 0.0000 50.0000 1.0000
-0.354 0.0000 0.0000 50.0000 1.0000
-0.352 0.0000 0.0000 50.0000 1.0000
-0.350 0.0000 0.0000 50.0000 1.0000
-0.348 0.0000 0.0000 50.0000 1.0000
-0.346 0.0000 0.0000 50.0000 1.0000
-0.344 0.0000 0.0000 50.0000 1.0000
-0.342 0.0000 0.0000 50.0000 1.0000
-0.340 0.0000 0.0000 50.0000 1.0000
-0.338 0.0000 0.0000 50.0000 1.0000
-0.336 0.0000 0.0000 50.0000 1.0000
-0.334 0.0000 0.0000 50.0000 1.0000
-0.332 0.0000 0.0000 50.0000 1.0000
-0.330 0.0000 0.0000 50.0000 1.0000
-0.328 0.0000 0.0000 50.0000 1.0000
-0.326 0.0000 0.0000 50.0000 1.0000
-0.324 0.0000 0.0000 50.0000 1.0000
-0.322 0.0000 0.0000 50.0000 1.0000
-0.320 0.0000 0.0000 50.0000 1.0000
-0.318 0.0000 0.0000 50.0000 1.0000
-0.316 0.0000 0.0000 50.0000 1.0000
-0.314 0.0000 0.0000 50.0000 1.0000
-0.312 0.0000 0.0000 50.0000 1.0000
-0.310 0.0000 0.0000 50.0000 1.0000
-0.308 0.0000 0.0000 50.0000 1.0000
-0.306 0.0000 0.0000 50.0000 1.0000
-0.304 0.0000 0.0000 50.0000 1.0000
-0.302 0.0000 0.0000 50.0000 1.0000
-0.300 0.0000 0.0000 50.0000 1.0000
-0.298 0.0000 0.0000 50.0000 1.0000
-0.296 0.0000 0.0000 50.0000 1.0000
-0.294 0.0000 0.0000 50.0000 1.0000
-0.292 0.0000 0.0000 50.0000 1.0000
-0.290 0.0000 0.0000 50.0000 1.0000
-0.288 0.0000 0.0000 50.0000 1.0000
-0.286 0.0000 0.0000 50.0000 1.0000
-0.284 0.0000 0.0000 50.0000 1.0000
-0.282 0.0000 0.0000 50.0000 1.0000
-0.280 0.0000 0.0000 50.0000 1.0000
-0.278 0.0000 0.0000 50.0000 1.0000
-0.276 0.0000 0.0000 50.0000 1.0000
-0.274 0.0000 0.0000 50.0000 1.0000
-0.272 0.0000 0.0000 50.0000 1.0000
-0.270 0.0000 0.0000 50.0000 1.0000
-0.268 0.0000 0.0000 50.0000 1.0000
-0.266 0.0000 0.0000 50.0000 1.0000
-0.264 0.0000 0.0000 50.0000 1.0000
-0.262 0.0000 0.0000 50.0000 1.0000
-0.260 0.0000 0.0000 50.0000 1.0000
-0.258 0.0000 0.0000 50.0000 1.0000
-0.256 0.0000 0.0000 50.0000 1.0000
-0.254 0.0000 0.0000 50.0000 1.0000
-0.252 0.0000 0.0000 50.0000 1.0000
-0.250 0.0000 0.0000 50.0000 1.0000
-0.248 0.0000 0.0000 50.0000 1.0000
-0.246 0.0000 0.0000 50.0000 1.0000
-0.244 0.0000 0.0000 50.0000 1.0000
-0.242 0.0000 0.0000 50.0000 1.0000
-0.240 0.0000 0.0000 50.0000 1.0000
-0.238 0.0000 0.0000 50.0000 1.0000
-0.236 0.0000 0.0000 50.0000 1.0000
-0.234 0.0000 0.0000 50.0000 1.0000
-0.232 0.0000 0.0000 50.0000 1.0000
-0.230 0.0000 0.0000 50.0000 1.0000
-0.228 0.0000 0.0000 50.0000 1.0000
-0.226 0.0000 0.0000 50.0000 1.0000
-0.224 0.0000 0.0000 50.0000 1.0000
-0.222 0.0000 0.0000 50.0000 1.0000
-0.220 0.0000 0.0000 50.0000 1.0000
-0.218 0.0000 0.0000 50.0000 1.0000
-0.216 0.0000 0.0000 50.0000 1.0000
-0.214 0.0000 0.0000 50.0000 1.0000
-0.212 0.0000 0.0000 50.0000 1.0000
-0.210 0.0000 0.0000 50.0000 1.0000
-0.208 0.0000 0.0000 50.0000 1.0000
-0.206 0.0000 0.0000 50.0000 1.0000
-0.204 0.0000 0.0000 50.0000 1.0000
-0.202 0.0000 0.0000 50.0000 1.0000
-0.200 0.0000 0.0000 50.0000 1.0000
-0.198 0.0000 0.0000 50.0000 1.0000
-0.196 0.0000 0.0000 50.0000 1.0000
-0.194 0.0000 0.0000 50.0000 1.0000
-0.192 0.0000 0.0000 50.0000 1.0000
-0.190 0.0000 0.0000 50.0000 1.0000
-0.188 0.0000 0.0000 50.0000 1.0000
-0.186 0.0000 0.0000 50.0000 1.0000
-0.184 0.0000 0.0000 50.0000 1.0000
-0.182 0.0000 0.0000 50.0000 1.0000
-0.180 0.0000 0.0000 50.0000 1.0000
-0.178 0.0000 0.0000 50.0000 1.0000
-0.176 0.0000 0.0000 50.0000 1.0000
-0.174 0.0000 0.0000 50.0000 1.0000
-0.172 0.0000 0.0000 50.0000 1.0000
-0.170 0.0000 0.0000 50.0000 1.0000
-0.168 0.0000 0.0000 50.0000 1.0000
-0.166 0.0000 0.0000 50.0000 1.0000
-0.164 0.0000 0.0000 50.0000 1.0000
-0.162 0.0000 0.0000 50.0000 1.0000
-0.160 0.0000 0.0000 50.0000 1.0000
-0.158 0.0000 0.0000 50.0000 1.0000
-0.156 0.0000 0.0000 50.0000 1.0000
-0.154 0.0000 0.0000 50.0000 1.0000
-0.152 0.0000 0.0000 50.0000 1.0000
-0.150 0.0000 0.0000 50.0000 1.0000
-0.148 0.0000 0.0000 50.0000 1.0000
-0.146 0.0000 0.0000 50.0000 1.0000
-0.144 0.0000 0.0000 50.0000 1.0000
-0.142 0.0000 0.0000 50.0000 1.0000
-0.140 0.0000 0.0000 50.0000 1.0000
-0.138 0.0000 0.0000 50.0000 1.0000
-0.136 0.0000 0.0000 50.0000 1.0000
-0.134 0.0000 0.0000 50.0000 1.0000
-0.132 0.0000 0.0000 50.0000 1.0000
-0.130 0.0000 0.0000 50.0000 1.0000
-0.128 0.0000 0.0000 50.0000 1.0000
-0.126 0.0000 0.0000 50.0000 1.0000
-0.124 0.0000 0.0000 50.0000 1.0000
-0.122 0.0000 0.0000 50.0000 1.0000
-0.120 0.0000 0.0000 50.0000 1.0000
-0.118 0.0000 0.0000 50.0000 1.0000
-0.116 0.0000 0.0000 50.0000 1.0000
-0.114 0.0000 0.0000 50.0000 1.0000
-0.112 0.0000 0.0000 50.0000 1.0000
-0.110 0.0000 0.0000 50.0000 1.0000
-0.108 0.0000 0.0000 50.0000 1.0000
-0.106 0.0000 0.0000 50.0000 1.0000
-0.104 0.0000 0.0000 50.0000 1.0000
-0.102 0.0000 0.0000 50.0000 1.0000
-0.100 0.0000 0.0000 50.0000 1.0000
-0.098 0.0000 0.0000 50.0000 1.0000
-0.096 0.0000 0.0000 50.0000 1.0000
-0.094 0.0000 0.0000 50.0000 1.0000
-0.092 0.0000 0.0000 50.0000 1.0000
-0.090 0.0000 0.0000 50.0000 1.0000
-0.088 0.0000 0.0000 50.0000 1.0000
-0.086 0.0000 0.0000 50.0000 1.0000
-0.084 0.0000 0.0000 50.0000 1.0000
-0.082 0.0000 0.0000 50.0000 1.0000
-0.080 0.0000 0.0000 50.0000 1.0000
-0.078 0.0000 0.0000 50.0000 1.0000
-0.076 0.0000 0.0000 50.0000 1.0000
-0.074 0.0000 0.0000 50.0000 1.0000
-0.072 0.0000 0.0000 50.0000 1.0000
-0.070 0.0000 0.0000 50.0000 1.0000
-0.068 0.0000 0.0000 50.0000 1.0000
-0.066 0.0000 0.0000 50.0000 1.0000
-0.064 0.0000 0.0000 50.0000 1.0000
-0.062 0.0000 0.0000 50.0000 1.0000
-0.060 0.0000 0.0000 50.0000 1.0000
-0.058 0.0000 0.0000 50.0000 1.0000
-0.056 0.0000 0.0000 50.0000 1.0000
-0.054 0.0000 0.0000 50.0000 1.0000
-0.052 0.0000 0.0000 50.0000 1.0000
-0.050 0.0000 0.0000 50.0000 1.0000
-0.048 0.0000 0.0000 50.0000 1.0000
-0.046 0.0000 0.0000 50.0000 1.0000
-0.044 0.0000 0.0000 50.0000 1.0000
-0.042 0.0000 0.0000 50.0000 1.0000
-0.040 0.0000 0.0000 50.0000 1.0000
-0.038 0.0000 0.0000 50.0000 1.0000
-0.036 0.0000 0.0000 50.0000 1.0000
-0.034 0.0000 0.0000 50.0000 1.0000
-0.032 0.0000 0.0000 50.0000 1.0000
-0.030 0.0000 0.0000 50.0000 1.0000
-0.028 0.0000 0.0000 50.0000 1.0000
-0.026 0.0000 0.0000 50.0000 1.0000
-0.024 0.0000 0.0000 50.0000 1.0000
-0.022 0.0000 0.0000 50.0000 1.0000
-0.020 0.0000 0.0000 50.0000 1.0000
-0.018 0.0000 0.0000 50.0000 1.0000
-0.016 0.0000 0.0000 50.0000 1.0000
-0.014 0.0000 0.0000 50.0000 1.0000
-0.012 0.0000 0.0000 50.0000 1.0000
-0.010 0.0000 0.0000 50.0000 1.0000
-0.008 0.0000 0.0000 50.0000 1.0000
-0.006 0.0000 0.0000 50.0000 1.0000
-0.004 0.0000 0.0000 50.0000 1.0000
-0.002 0.0000 0.0000 50.0000 1.0000
-0.000 0.0000 0.0000 50.0000 1.0000
0.002 0.0000 0.0000 50.0000 1.0000
0.004 0.0000 0.0000 50.0000 1.0000
0.006 0.0000 0.0000 50.0000 1.0000
0.008 0.0000 0.0000 50.0000 1.0000
0.010 0.0000 0.0000 50.0000 1.0000
0.012 0.0000 0.0000 50.0000 1.0000
0.014 0.0000 0.0000 50.0000 1.0000
0.016 0.0000 0.0000 50.0000 1.0000
0.018 0.0000 0.0000 50.0000 1.0000
0.020 0.0000 0.0000 50.0000 1.0000
0.022 0.0000 0.0000 50.0000 1.0000
0.024 0.0000 0.0000 50.0000 1.0000
0.026 0.0000 0.0000 50.0000 1.0000
0.028 0.0000 0.0000 50.0000 1.0000
0.030 0.0000 0.0000 50.0000 1.0000
0.032 0.0000 0.0000 50.0000 1.0000
0.034 0.0000 0.0000 50.0000 1.0000
0.036 0.0000 0.0000 50.0000 1.0000
0.038 0.0000 0.0000 50.0000 1.0000
0.040 0.0000 0.0000 50.0000 1.0000
0.042 0.0000 0.0000 50.0000 1.0000
0.044 0.0000 0.0000 50.0000 1.0000
0.046 0.0000 0.0000 50.0000 1.0000
0.048 0.0000 0.0000 50.0000 1.0000
0.050 0.0000 0.0000 50.0000 1.0000
0.052 0.0000 0.0000 50.0000 1.0000
0.054 0.0000 0.0000 50.0000 1.0000
0.056 0.0000 0.0000 50.0000 1.0000
0.058 0.0000 0.0000 50.0000 1.0000
0.060 0.0000 0.0000 50.0000 1.0000
0.062 0.0000 0.0000 50.0000 1.0000
0.064 0.0000 0.0000 50.0000 1.0000
0.066 0.0000 0.0000 50.0000 1.0000
0.068 0.0000 0.0000 50.0000 1.0000
0.070 0.0000 0.0000 50.0000 1.0000
0.072 0.0000 0.0000 50.0000 1.0000
0.074 0.0000 0.0000 50.0000 1.0000
0.076 0.0000 0.0000 50.0000 1.0000
0.078 0.0000 0.0000 50.0000 1.0000
0.080 0.0000 0.0000 50.0000 1.0000
0.082 0.0000 0.0000 50.0000 1.0000
0.084 0.0000 0.0000 50.0000 1.0000
0.086 0.0000 0.0000 50.0000 1.0000
0.088 0.0000 0.0000 50.0000 1.0000
0.090 0.0000 0.0000 50.0000 1.0000
0.092 0.0000 0.0000 50.0000 1.0000
0.094 0.0000 0.0000 50.0000 1.0000
0.096 0.0000 0.0000 50.0000 1.0000
0.098 0.0000 0.0000 50.0000 1.0000
0.100 0.0000 0.0000 50.0000 1.0000
0.102 0.0000 0.0000 50.0000 1.0000
0.104 0.0000 0.0000 50.0000 1.0000
0.106 0.0000 0.0000 50.0000 1.0000
0.108 0.0000 0.0000 50.0000 1.0000
0.110 0.0000 0.0000 50.0000 1.0000
0.112 0.0000 0.0000 50.0000 1.0000
0.114 0.0000 0.0000 50.0000 1.0000
0.116 0.0000 0.0000 50.0000 1.0000
0.118 0.0000 0.0000 50.0000 1.0000
0.120 0.0000 0.0000 50.0000 1.0000
0.122 0.0000 0.0000 50.0000 1.0000
0.124 0.0000 0.0000 50.0000 1.0000
0.126 0.0000 0.0000 50.0000 1.0000
0.128 0.0000 0.0000 50.0000 1.0000
0.130 0.0000 0.0000 50.0000 1.0000
0.132 0.0000 0.0000 50.0000 1.0000
0.134 0.0000 0.0000 50.0000 1.0000
0.136 0.0000 0.0000 50.0000 1.0000
0.138 0.0000 0.0000 50.0000 1.0000
0.140 0.0000 0.0000 50.0000 1.0000
0.142 0.0000 0.0000 50.0000 1.0000
0.144 0.0000 0.0000 50.0000 1.0000
0.146 0.0000 0.0000 50.0000 1.0000
0.148 0.0000 0.0000 50.0000 1.0000
0.150 0.0000 0.0000 50.0000 1.0000
0.152 0.0000 0.0000 50.0000 1.0000
0.154 0.0000 0.0000 50.0000 1.0000
0.156 0.0000 0.0000 50.0000 1.0000
0.158 0.0000 0.0000 50.0000 1.0000
0.160 0.0000 0.0000 50.0000 1.0000
0.162 0.0000 0.0000 50.0000 1.0000
0.164 0.0000 0.0000 50.0000 1.0000
0.166 0.0000 0.0000 50.0000 1.0000
0.168 0.0000 0.0000 50.0000 1.0000
0.170 0.0000 0.0000 50.0000 1.0000
0.172 0.0000 0.0000 50.0000 1.0000
0.174 0.0000 0.0000 50.0000 1.0000
0.176 0.0000 0.0000 50.0000 1.0000
0.178 0.0000 0.0000 50.0000 1.0000
0.180 0.0000 0.0000 50.0000 1.0000
0.182 0.0000 0.0000 50.0000 1.0000
0.184 0.0000 0.0000 50.0000 1.0000
0.186 0.0000 0.0000 50.0000 1.0000
0.188 0.0000 0.0000 50.0000 1.0000
0.190 0.0000 0.0000 50.0000 1.0000
0.192 0.0000 0.0000 50.0000 1.0000
0.194 0.0000 0.0000 50.0000 1.0000
0.196 0.0000 0.0000 50.0000 1.0000
0.198 0.0000 0.0000 50.0000 1.0000
0.200 0.0000 0.0000 50.0000 1.0000
0.202 0.0000 0.0000 50.0000 1.0000
0.204 0.0000 0.0000 50.0000 1.0000
0.206 0.0000 0.0000 50.0000 1.0000
0.208 0.0000 0.0000 50.0000 1.0000
0.210 0.0000 0.0000 50.0000 1.0000
0.212 0.0000 0.0000 50.0000 1.0000
0.214 0.0000 0.0000 50.0000 1.0000
0.216 0.0000 0.0000 50.0000 1.0000
0.218 0.0000 0.0000 50.0000 1.0000
0.220 0.0000 0.0000 50.0000 1.0000
0.222 0.0000 0.0000 50.0000 1.0000
0.224 0.0000 0.0000 50.0000 1.0000
0.226 0.0000 0.0000 50.0000 1.0000
0.228 0.0000 0.0000 50.0000 1.0000
0.230 0.0000 0.0000 50.0000 1.0000
0.232 0.0000 0.0000 50.0000 1.0000
0.234 0.0000 0.0000 50.0000 1.0000
0.236 0.0000 0.0000 50.0000 1.0000
0.238 0.0000 0.0000 50.0000 1.0000
0.240 0.0000 0.0000 50.0000 1.0000
0.242 0.0000 0.0000 50.0000 1.0000
0.244 0.0000 0.0000 50.0000 1.0000
0.246 0.0000 0.0000 50.0000 1.0000
0.248 0.0000 0.0000 50.0000 1.0000
0.250 0.0000 0.0000 50.0000 1.0000
0.252 0.0000 0.0000 50.0000 1.0000
0.254 0.0000 0.0000 50.0000 1.0000
0.256 0.0000 0.0000 50.0000 1.0000
0.258 0.0000 0.0000 50.0000 1.0000
0.260 0.0000 0.0000 50.0000 1.0000
0.262 0.0000 0.0000 50.0000 1.0000
0.264 0.0000 0.0000 50.0000 1.0000
0.266 0.0000 0.0000 50.0000 1.0000
0.268 0.0000 0.0000 50.0000 1.0000
0.270 0.0000 0.0000 50.0000 1.0000
0.272 0.0000 0.0000 50.0000 1.0000
0.274 0.0000 0.0000 50.0000 1.0000
0.276 0.0000 0.0000 50.0000 1.0000
0.278 0.0000 0.0000 50.0000 1.0000
0.280 0.0000 0.0000 50.0000 1.0000
0.282 0.0000 0.0000 50.0000 1.0000
0.284 0.0000 0.0000 50.0000 1.0000
0.286 0.0000 0.0000 50.0000 1.0000
0.288 0.0000 0.0000 50.0000 1.0000
0.290 0.0000 0.0000 50.0000 1.0000
0.292 0.0000 0.0000 50.0000 1.0000
0.294 0.0000 0.0000 50.0000 1.0000
0.296 0.0000 0.0000 50.0000 1.0000
0.298 0.0000 0.0000 50.0000 1.0000
0.300 0.0000 0.0000 50.0000 1.0000
0.302 0.0000 0.0000 50.0000 1.0000
0.304 0.0000 0.0000 50.0000 1.0000
0.306 0.0000 0.0000 50.0000 1.0000
0.308 0.0000 0.0000 50.0000 1.0000
0.310 0.0000 0.0000 50.0000 1.0000
0.312 0.0000 0.0000 50.0000 1.0000
0.314 0.0000 0.0000 50.0000 1.0000
0.316 0.0000 0.0000 50.0000 1.0000
0.318 0.0000 0.0000 50.0000 1.0000
0.320 0.0000 0.0000 50.0000 1.0000
0.322 0.0000 0.0000 50.0000 1.0000
0.324 0.0000 0.0000 50.0000 1.0000
0.326 0.0000 0.0000 50.0000 1.0000
0.328 0.0000 0.0000 50.0000 1.0000
0.330 0.0000 0.0000 50.0000 1.0000
0.332 0.0000 0.0000 50.0000 1.0000
0.334 0.0000 0.0000 50.0000 1.0000
0.336 0.0000 0.0000 50.0000 1.0000
0.338 0.0000 0.0000 50.0000 1.0000
0.340 0.0000 0.0000 50.0000 1.0000
0.342 0.0000 0.0000 50.0000 1.0000
0.344 0.0000 0.0000 50.0000 1.0000
0.346 0.0000 0.0000 50.0000 1.0000
0.348 0.0000 0.0000 50.0000 1.0000
0.350 0.0000 0.0000 50.0000 1.0000
0.352 0.0000 0.0000 50.0000 1.0000
0.354 0.0000 0.0000 50.0000 1.0000
0.356 0.0000 0.0000 50.0000 1.0000
0.358 0.0000 0.0000 50.0000 1.0000
0.360 0.0000 0.0000 50.0000 1.0000
0.362 0.0000 0.0000 50.0000 1.0000
0.364 0.0000 0.0000 50.0000 1.0000
0.366 0.0000 0.0000 50.0000 1.0000
0.368 0.0000 0.0000 50.0000 1.0000
0.370 0.0000 0.0000 50.0000 1.0000
0.372 0.0000 0.0000 50.0000 1.0000
0.374 0.0000 0.0000 50.0000 1.0000
0.376 0.0000 0.0000 50.0000 1.0000
0.378 0.0000 0.0000 50.0000 1.0000
0.380 0.0000 0.0000 50.0000 1.0000
0.382 0.0000 0.0000 50.0000 1.0000
0.384 0.0000 0.0000 50.0000 1.0000
0.386 0.0000 0.0000 50.0000 1.0000
0.388 0.0000 0.0000 50.0000 1.0000
0.390 0.0000 0.0000 50.0000 1.0000
0.392 0.0000 0.0000 50.0000 1.0000
0.394 0.0000 0.0000 50.0000 1.0000
0.396 0.0000 0.0000 50.0000 1.0000
0.398 0.0000 0.0000 50.0000 1.0000
0.400 0.0000 0.0000 50.0000 1.0000
0.402 0.0000 0.0000 50.0000 1.0000
0.404 0.0000 0.0000 50.0000 1.0000
0.406 0.0000 0.0000 50.0000 1.0000
0.408 0.0000 0.0000 50.0000 1.0000
0.410 0.0000 0.0000 50.0000 1.0000
0.412 0.0000 0.0000 50.0000 1.0000
0.414 0.0000 0.0000 50.0000 1.0000
0.416 0.0000 0.0000 50.0000 1.0000
0.418 0.0000 0.0000 50.0000 1.0000
0.420 0.0000 0.0000 50.0000 1.0000
0.422 0.0000 0.0000 50.0000 1.0000
0.424 0.0000 0.0000 50.0000 1.0000
0.426 0.0000 0.0000 50.0000 1.0000
0.428 0.0000 0.0000 50.0000 1.0000
0.430 0.0000 0.0000 50.0000 1.0000
0.432 0.0000 0.0000 50.0000 1.0000
0.434 0.0000 0.0000 50.0000 1.0000
0.436 0.0000 0.0000 50.0000 1.0000
0.438 0.0000 0.0000 50.0000 1.0000
0.440 0.0000 0.0000 50.0000 1.0000
0.442 0.0000 0.0000 50.0000 1.0000
0.444 0.0000 0.0000 50.0000 1.0000
0.446 0.0000 0.0000 50.0000 1.0000
0.448 0.0000 0.0000 50.0000 1.0000
0.450 0.0000 0.0000 50.0000 1.0000
0.452 0.0000 0.0000 50.0000 1.0000
0.454 0.0000 0.0000 50.0000 1.0000
0.456 0.0000 0.0000 50.0000 1.0000
0.458 0.0000 0.0000 50.0000 1.0000
0.460 0.0000 0.0000 50.0000 1.0000
0.462 0.0000 0.0000 50.0000 1.0000
0.464 0.0000 0.0000 50.0000 1.0000
0.466 0.0000 0.0000 50.0000 1.0000
0.468 0.0000 0.0000 50.0000 1.0000
0.470 0.0000 0.0000 50.0000 1.0000
0.472 0.0000 0.0000 50.0000 1.0000
0.474 0.0000 0.0000 50.0000 1.0000
0.476 0.0000 0.0000 50.0000 1.0000
0.478 0.0000 0.0000 50.0000 1.0000
0.480 0.0000 0.0000 50.0000 1.0000
0.482 0.0000 0.0000 50.0000 1.0000
0.484 0.0000 0.0000 50.0000 1.0000
0.486 0.0000 0.0000 50.0000 1.0000
0.488 0.0000 0.0000 50.0000 1.0000
0.490 0.0000 0.0000 50.0000 1.0000
0.492 0.0000 0.0000 50.0000 1.0000
0.494 0.0000 0.0000 50.0000 1.0000
0.496 0.0000 0.0000 50.0000 1.0000
0.498 0.0000 0.0000 50.0000 1.0000
0.500 0.0000 0.0000 50.0000 1.0000
0.502 0.0000 0.0000 50.0000 1.0000
0.504 0.0000 0.0000 50.0000 1.0000
0.506 0.0000 0.0000 50.0000 1.0000
0.508 0.0000 0.0000 50.0000 1.0000
0.510 0.0000 0.0000 50.0000 1.0000
0.512 0.0000 0.0000 50.0000 1.0000
0.514 0.0000 0.0000 50.0000 1.0000
0.516 0.0000 0.0000 50.0000 1.0000
0.518 0.0000 0.0000 50.0000 1.0000
0.520 0.0000 0.0000 50.0000 1.0000
0.522 0.0000 0.0000 50.0000 1.0000
0.524 0.0000 0.0000 50.0000 1.0000
0.526 0.0000 0.0000 50.0000 1.0000
0.528 0.0000 0.0000 50.0000 1.0000
0.530 0.0000 0.0000 50.0000 1.0000
0.532 0.0000 0.0000 50.0000 1.0000
0.534 0.0000 0.0000 50.0000 1.0000
0.536 0.0000 0.0000 50.0000 1.0000
0.538 0.0000 0.0000 50.0000 1.0000
0.540 0.0000 0.0000 50.0000 1.0000
0.542 0.0000 0.0000 50.0000 1.0000
0.544 0.0000 0.0000 50.0000 1.0000
0.546 0.0000 0.0000 50.0000 1.0000
0.548 0.0000 0.0000 50.0000 1.0000
0.550 0.0000 0.0000 50.0000 1.0000
0.552 0.0000 0.0000 50.0000 1.0000
0.554 0.0000 0.0000 50.0000 1.0000
0.556 0.0000 0.0000 50.0000 1.0000
0.558 0.0000 0.0000 50.0000 1.0000
0.560 0.0000 0.0000 50.0000 1.0000
0.562 0.0000 0.0000 50.0000 1.0000
0.564 0.0000 0.0000 50.0000 1.0000
0.566 0.0000 0.0000 50.0000 1.0000
0.568 0.0000 0.0000 50.0000 1.0000
0.570 0.0000 0.0000 50.0000 1.0000
0.572 0.0000 0.0000 50.0000 1.0000
0.574 0.0000 0.0000 50.0000 1.0000
0.576 0.0000 0.0000 50.0000 1.0000
0.578 0.0000 0.0000 50.0000 1.0000
0.580 0.0000 0.0000 50.0000 1.0000
0.582 0.0000 0.0000 50.0000 1.0000
0.584 0.0000 0.0000 50.0000 1.0000
0.586 0.0000 0.0000 50.0000 1.0000
0.588 0.0000 0.0000 50.0000 1.0000
0.590 0.0000 0.0000 50.0000 1.0000
0.592 0.0000 0.0000 50.0000 1.0000
0.594 0.0000 0.0000 50.0000 1.0000
0.596 0.0000 0.0000 50.0000 1.0000
0.598 0.0000 0.0000 50.0000 1.0000
0.600 0.0000 0.0000 50.0000 1.0000
0.602 0.0000 0.0000 50.0000 1.0000
0.604 0.0000 0.0000 50.0000 1.0000
0.606 0.0000 0.0000 50.0000 1.0000
0.608 0.0000 0.0000 50.0000 1.0000
0.610 0.0000 0.0000 50.0000 1.0000
0.612 0.0000 0.0000 50.0000 1.0000
0.614 0.0000 0.0000 50.0000 1.0000
0.616 0.0000 0.0000 50.0000 1.0000
0.618 0.0000 0.0000 50.0000 1.0000
0.620 0.0000 0.0000 50.0000 1.0000
0.622 0.0000 0.0000 50.0000 1.0000
0.624 0.0000 0.0000 50.0000 1.0000
0.626 0.0000 0.0000 50.0000 1.0000
0.628 0.0000 0.0000 50.0000 1.0000
0.630 0.0000 0.0000 50.0000 1.0000
0.632 0.0000 0.0000 50.0000 1.0000
0.634 0.0000 0.0000 50.0000 1.0000
0.636 0.0000 0.0000 50.0000 1.0000
0.638 0.0000 0.0000 50.0000 1.0000
0.640 0.0000 0.0000 50.0000 1.0000
0.642 0.0000 0.0000 50.0000 1.0000
0.644 0.0000 0.0000 50.0000 1.0000
0.646 0.0000 0.0000 50.0000 1.0000
0.648 0.0000 0.0000 50.0000 1.0000
0.650 0.0000 0.0000 50.0000 1.0000
0.652 0.0000 0.0000 50.0000 1.0000
0.654 0.0000 0.0000 50.0000 1.0000
0.656 0.0000 0.0000 50.0000 1.0000
0.658 0.0000 0.0000 50.0000 1.0000
0.660 0.0000 0.0000 50.0000 1.0000
0.662 0.0000 0.0000 50.0000 1.0000
0.664 0.0000 0.0000 50.0000 1.0000
0.666 0.0000 0.0000 50.0000 1.0000
0.668 0.0000 0.0000 50.0000 1.0000
0.670 0.0000 0.0000 50.0000 1.0000
0.672 0.0000 0.0000 50.0000 1.0000
0.674 0.0000 0.0000 50.0000 1.0000
0.676 0.0000 0.0000 50.0000 1.0000
0.678 0.0000 0.0000 50.0000 1.0000
0.680 0.0000 0.0000 50.0000 1.0000
0.682 0.0000 0.0000 50.0000 1.0000
0.684 0.0000 0.0000 50.0000 1.0000
0.686 0.0000 0.0000 50.0000 1.0000
0.688 0.0000 0.0000 50.0000 1.0000
0.690 0.0000 0.0000 50.0000 1.0000
0.692 0.0000 0.0000 50.0000 1.0000
0.694 0.0000 0.0000 50.0000 1.0000
0.696 0.0000 0.0000 50.0000 1.0000
0.698 0.0000 0.0000 50.0000 1.0000
0.700 0.0000 0.0000 50.0000 1.0000
0.702 0.0000 0.0000 50.0000 1.0000
0.704 0.0000 0.0000 50.0000 1.0000
0.706 0.0000 0.0000 50.0000 1.0000
0.708 0.0000 0.0000 50.0000 1.0000
0.710 0.0000 0.0000 50.0000 1.0000
0.712 0.0000 0.0000 50.0000 1.0000
0.714 0.0000 0.0000 50.0000 1.0000
0.716 0.0000 0.0000 50.0000 1.0000
0.718 0.0000 0.0000 50.0000 1.0000
0.720 0.0000 0.0000 50.0000 1.0000
0.722 0.0000 0.0000 50.0000 1.0000
0.724 0.0000 0.0000 50.0000 1.0000
0.726 0.0000 0.0000 50.0000 1.0000
0.728 0.0000 0.0000 50.0000 1.0000
0.730 0.0000 0.0000 50.0000 1.0000
0.732 0.0000 0.0000 50.0000 1.0000
0.734 0.0000 0.0000 50.0000 1.0000
0.736 0.0000 0.0000 50.0000 1.0000
0.738 0.0000 0.0000 50.0000 1.0000
0.740 0.0000 0.0000 50.0000 1.0000
0.742 0.0000 0.0000 50.0000 1.0000
0.744 0.0000 0.0000 50.0000 1.0000
0.746 0.0000 0.0000 50.0000 1.0000
0.748 0.0000 0.0000 50.0000 1.0000
0.750 0.0000 0.0000 50.0000 1.0000
0.752 0.0000 0.0000 50.0000 1.0000
0.754 0.0000 0.0000 50.0000 1.0000
0.756 0.0000 0.0000 50.0000 1.0000
0.758 0.0000 0.0000 50.0000 1.0000
0.760 0.0000 0.0000 50.0000 1.0000
0.762 0.0000 0.0000 50.0000 1.0000
0.764 0.0000 0.0000 50.0000 1.0000
0.766 0.0000 0.0000 50.0000 1.0000
0.768 0.0000 0.0000 50.0000 1.0000
0.770 0.0000 0.0000 50.0000 1.0000
0.772 0.0000 0.0000 50.0000 1.0000
0.774 0.0000 0.0000 50.0000 1.0000
0.776 0.0000 0.0000 50.0000 1.0000
0.778 0.0000 0.0000 50.0000 1.0000
0.780 0.0000 0.0000 50.0000 1.0000
0.782 0.0000 0.0000 50.0000 1.0000
0.784 0.0000 0.0000 50.0000 1.0000
0.786 0.0000 0.0000 50.0000 1.0000
0.788 0.0000 0.0000 50.0000 1.0000
0.790 0.0000 0.0000 50.0000 1.0000
0.792 0.0000 0.0000 50.0000 1.0000
0.794 0.0000 0.0000 50.0000 1.0000
0.796 0.0000 0.0000 50.0000 1.0000
0.798 0.0000 0.0000 50.0000 1.0000
0.800 0.0000 0.0000 50.0000 1.0000
0.802 0.0000 0.0000 50.0000 1.0000
0.804 0.0000 0.0000 50.0000 1.0000
0.806 0.0000 0.0000 50.0000 1.0000
0.808 0.0000 0.0000 50.0000 1.0000
0.810 0.0000 0.0000 50.0000 1.0000
0.812 0.0000 0.0000 50.0000 1.0000
0.814 0.0000 0.0000 50.0000 1.0000
0.816 0.0000 0.0000 50.0000 1.0000
0.818 0.0000 0.0000 50.0000 1.0000
0.820 0.0000 0.0000 50.0000 1.0000
0.822 0.0000 0.0000 50.0000 1.0000
0.824 0.0000 0.0000 50.0000 1.0000
0.826 0.0000 0.0000 50.0000 1.0000
0.828 0.0000 0.0000 50.0000 1.0000
0.830 0.0000 0.0000 50.0000 1.0000
0.832 0.0000 0.0000 50.0000 1.0000
0.834 0.0000 0.0000 50.0000 1.0000
0.836 0.0000 0.0000 50.0000 1.0000
0.838 0.0000 0.0000 50.0000 1.0000
0.840 0.0000 0.0000 50.0000 1.0000
0.842 0.0000 0.0000 50.0000 1.0000
0.844 0.0000 0.0000 50.0000 1.0000
0.846 0.0000 0.0000 50.0000 1.0000
0.848 0.0000 0.0000 50.0000 1.0000
0.850 0.0000 0.0000 50.0000 1.0000
0.852 0.0000 0.0000 50.0000 1.0000
0.854 0.0000 0.0000 50.0000 1.0000
0.856 0.0000 0.0000 50.0000 1.0000
0.858 0.0000 0.0000 50.0000 1.0000
0.860 0.0000 0.0000 50.0000 1.0000
0.862 0.0000 0.0000 50.0000 1.0000
0.864 0.0000 0.0000 50.0000 1.0000
0.866 0.0000 0.0000 50.0000 1.0000
0.868 0.0000 0.0000 50.0000 1.0000
0.870 0.0000 0.0000 50.0000 1.0000
0.872 0.0000 0.0000 50.0000 1.0000
0.874 0.0000 0.0000 50.0000 1.0000
0.876 0.0000 0.0000 50.0000 1.0000
0.878 0.0000 0.0000 50.0000 1.0000
0.880 0.0000 0.0000 50.0000 1.0000
0.882 0.0000 0.0000 50.0000 1.0000
0.884 0.0000 0.0000 50.0000 1.0000
0.886 0.0000 0.0000 50.0000 1.0000
0.888 0.0000 0.0000 50.0000 1.0000
0.890 0.0000 0.0000 50.0000 1.0000
0.892 0.0000 0.0000 50.0000 1.0000
0.894 0.0000 0.0000 50.0000 1.0000
0.896 0.0000 0.0000 50.0000 1.0000
0.898 0.0000 0.0000 50.0000 1.0000
0.900 0.0000 0.0000 50.0000 1.0000
0.902 0.0000 0.0000 50.0000 1.0000
0.904 0.0000 0.0000 50.0000 1.0000
0.906 0.0000 0.0000 50.0000 1.0000
0.908 0.0000 0.0000 50.0000 1.0000
0.910 0.0000 0.0000 50.0000 1.0000
0.912 0.0000 0.0000 50.0000 1.0000
0.914 0.0000 0.0000 50.0000 1.0000
0.916 0.0000 0.0000 50.0000 1.0000
0.918 0.0000 0.0000 50.0000 1.0000
0.920 0.0000 0.0000 50.0000 1.0000
0.922 0.0000 0.0000 50.0000 1.0000
0.924 0.0000 0.0000 50.0000 1.0000
0.926 0.0000 0.0000 50.0000 1.0000
0.928 0.0000 0.0000 50.0000 1.0000
0.930 0.0000 0.0000 50.0000 1.0000
0.932 0.0000 0.0000 50.0000 1.0000
0.934 0.0000 0.0000 50.0000 1.0000
0.936 0.0000 0.0000 50.0000 1.0000
0.938 0.0000 0.0000 50.0000 1.0000
0.940 0.0000 0.0000 50.0000 1.0000
0.942 0.0000 0.0000 50.0000 1.0000
0.944 0.0000 0.0000 50.0000 1.0000
0.946 0.0000 0.0000 50.0000 1.0000
0.948 0.0000 0.0000 50.0000 1.0000
0.950 0.0000 0.0000 50.0000 1.0000
0.952 0.0000 0.0000 50.0000 1.0000
0.954 0.0000 0.0000 50.0000 1.0000
0.956 0.0000 0.0000 50.0000 1.0000
0.958 0.0000 0.0000 50.0000 1.0000
0.960 0.0000 0.0000 50.0000 1.0000
0.962 0.0000 0.0000 50.0000 1.0000
0.964 0.0000 0.0000 50.0000 1.0000
0.966 0.0000 0.0000 50.0000 1.0000
0.968 0.0000 0.0000 50.0000 1.0000
0.970 0.0000 0.0000 50.0000 1.0000
0.972 0.0000 0.0000 50.0000 1.0000
0.974 0.0000 0.0000 50.0000 1.0000
0.976 0.0000 0.0000 50.0000 1.0000
0.978 0.0000 0.0000 50.0000 1.0000
0.980 0.0000 0.0000 50.0000 1.0000
0.982 0.0000 0.0000 50.0000 1.0000
0.984 0.0000 0.0000 50.0000 1.0000
0.986 0.0000 0.0000 50.0000 1.0000
0.988 0.0000 0.0000 50.0000 1.0000
0.990 0.0000 0.0000 50.0000 1.0000
0.992 0.0000 0.0000 50.0000 1.0000
0.994 0.0000 0.0000 50.0000 1.0000
0.996 0.0000 0.0000 50.0000 1.0000
0.998 0.0000 0.0000 50.0000 1.0000
