0.100000 2.040848 1.489312
0.200000 2.286805 1.592888
0.300000 2.462566 1.635672
0.400000 2.649059 1.556896
0.500000 2.688239 1.474277
0.600000 2.685403 1.304658
0.700000 2.677185 1.261812
0.800000 2.712398 1.617816
0.900000 2.842504 1.577609
1.000000 2.713516 1.639691
1.100000 2.801293 1.486043
1.200000 2.807389 1.449098
1.300000 2.860054 1.593447
1.400000 2.940017 1.602850
1.500000 2.959096 1.587487
1.600000 2.635513 1.461912
1.700000 2.755931 1.495188
1.800000 2.840528 1.258189
1.900000 2.655573 1.346230
2.000000 2.755240 1.202728
2.100000 2.924893 1.374513
2.200000 2.846236 1.371716
2.300000 2.750891 1.420965
2.400000 2.777808 1.296251
2.500000 2.860049 1.347445
2.600000 2.691296 1.391137
2.700000 2.795521 1.337135
2.800000 2.707430 1.421529
2.900000 2.787880 1.323570
3.000000 2.722504 1.575616
0.100000 2.168855 1.512503
0.200000 2.097622 1.545330
0.300000 2.245343 1.373847
0.400000 2.342904 1.361754
0.500000 2.549527 1.470712
0.600000 2.464016 1.439091
0.700000 2.789833 1.585905
0.800000 2.666340 1.587380
0.900000 2.715426 1.764898
1.000000 2.715943 1.506046
1.100000 2.736628 1.598546
1.200000 2.568448 1.533400
1.300000 2.845748 1.645093
1.400000 2.704176 1.454431
1.500000 2.797993 1.448751
1.600000 3.052829 1.686998
1.700000 2.861015 1.571150
1.800000 2.909372 1.615840
1.900000 2.822767 1.585181
2.000000 2.940569 1.469476
2.100000 2.886027 1.365038
2.200000 2.823528 1.366385
2.300000 2.855876 1.534968
2.400000 2.811550 1.439725
2.500000 2.595511 1.527381
2.600000 2.693583 1.633546
2.700000 2.832684 1.587512
2.800000 2.964788 1.609532
2.900000 2.794671 1.815258
3.000000 2.812895 1.780795
0.100000 1.896343 1.412831
0.200000 1.744966 1.113403
0.300000 1.549589 1.408987
0.400000 1.369821 1.575926
0.500000 1.250566 1.539925
0.600000 1.279595 1.531807
0.700000 1.159867 1.293790
0.800000 0.954613 1.291375
0.900000 1.171714 1.455001
1.000000 1.070708 1.551841
1.100000 1.132456 1.574864
1.200000 1.102630 1.698719
1.300000 1.122909 1.571000
1.400000 1.331045 1.435978
1.500000 1.300532 1.399645
1.600000 1.252588 1.343070
1.700000 1.291504 1.099792
1.800000 1.286741 1.219987
1.900000 1.266736 1.384024
2.000000 1.074406 1.433892
2.100000 1.042631 1.507656
2.200000 1.060800 1.569036
2.300000 1.242749 1.561922
2.400000 1.219965 1.497101
2.500000 1.292340 1.567002
2.600000 1.379045 1.572426
2.700000 1.210563 1.543690
2.800000 1.271450 1.515593
2.900000 1.062497 1.563672
3.000000 1.154707 1.681131
0.100000 1.868288 1.421361
0.200000 1.809386 1.488870
0.300000 1.794791 1.360096
0.400000 1.584772 1.589843
0.500000 1.415084 1.564708
0.600000 1.442771 1.436449
0.700000 1.448543 1.539815
0.800000 1.170323 1.464931
0.900000 1.385862 1.416544
1.000000 0.970070 1.309313
1.100000 1.058945 1.395805
1.200000 0.922975 1.296421
1.300000 1.141515 1.447214
1.400000 1.280795 1.413759
1.500000 1.238978 1.437492
1.600000 1.368792 1.580227
1.700000 1.307630 1.625803
1.800000 1.364038 1.456150
1.900000 1.295439 1.291428
2.000000 1.237542 1.443126
2.100000 1.156520 1.406784
2.200000 1.289861 1.591157
2.300000 1.228963 1.502498
2.400000 1.166851 1.424457
2.500000 1.175020 1.536844
2.600000 1.133709 1.542515
2.700000 1.188289 1.462688
2.800000 1.182191 1.357197
2.900000 1.204522 1.384644
3.000000 1.430543 1.487367
0.100000 2.255616 1.356294
0.200000 2.441969 1.505409
0.300000 2.418275 1.699997
0.400000 2.625273 1.666588
0.500000 2.604065 1.675987
0.600000 2.577927 1.585499
0.700000 2.794560 1.560740
0.800000 2.635992 1.564045
0.900000 2.634182 1.483789
1.000000 2.690779 1.328728
1.100000 2.631232 1.264122
1.200000 2.846510 1.225394
1.300000 2.769215 1.290416
1.400000 2.719662 1.348184
1.500000 2.704106 1.385698
1.600000 2.541995 1.355513
1.700000 2.711546 1.609607
1.800000 2.752094 1.615674
1.900000 2.884136 1.560619
2.000000 2.770043 1.541082
2.100000 2.809836 1.469778
2.200000 2.803578 1.451553
2.300000 2.800879 1.581300
2.400000 2.734188 1.464867
2.500000 2.724533 1.364071
2.600000 2.814520 1.628432
2.700000 3.031482 1.819324
2.800000 2.962835 1.599453
2.900000 2.668445 1.630397
3.000000 2.568850 1.586969
0.100000 1.754796 1.492086
0.200000 1.564171 1.477265
0.300000 1.317287 1.687634
0.400000 1.153786 1.492796
0.500000 1.312827 1.819300
0.600000 1.137556 1.533548
0.700000 1.122419 1.452255
0.800000 1.193258 1.536965
0.900000 1.210487 1.648574
1.000000 1.293133 1.465922
1.100000 1.190617 1.540391
1.200000 1.259991 1.540584
1.300000 1.195112 1.666807
1.400000 1.277148 1.680195
1.500000 1.232295 1.524036
1.600000 1.247877 1.596502
1.700000 1.074618 1.430324
1.800000 1.084376 1.441198
1.900000 1.158184 1.430953
2.000000 1.208234 1.509484
2.100000 1.190844 1.529135
2.200000 1.063637 1.448912
2.300000 1.206626 1.369094
2.400000 1.194908 1.470829
2.500000 1.169075 1.591233
2.600000 1.116978 1.660852
2.700000 1.148542 1.610294
2.800000 1.231524 1.526475
2.900000 1.151859 1.394886
3.000000 1.244750 1.539240
0.100000 1.697433 1.377339
0.200000 1.477533 1.559983
0.300000 1.491950 1.690110
0.400000 1.358585 1.610341
0.500000 1.198835 1.481383
0.600000 1.285557 1.356998
0.700000 1.343881 1.449576
0.800000 1.289507 1.465988
0.900000 1.133287 1.515031
1.000000 1.029882 1.453532
1.100000 1.100541 1.459200
1.200000 1.115629 1.596802
1.300000 1.138768 1.661500
1.400000 1.122972 1.573102
1.500000 1.240532 1.498250
1.600000 1.207128 1.490368
1.700000 1.268222 1.351393
1.800000 1.079540 1.541845
1.900000 1.288163 1.374338
2.000000 1.370871 1.587402
2.100000 1.382820 1.603452
2.200000 1.289657 1.581486
2.300000 1.234826 1.539027
2.400000 1.069412 1.501755
2.500000 1.070937 1.594499
2.600000 1.127990 1.607847
2.700000 1.295916 1.546430
2.800000 1.054931 1.541786
2.900000 1.210593 1.401041
3.000000 1.072369 1.418945
0.100000 2.125286 1.560293
0.200000 2.561611 1.472778
0.300000 2.669607 1.430530
0.400000 2.737816 1.425113
0.500000 2.730236 1.237254
0.600000 2.739878 1.408993
0.700000 2.787069 1.251179
0.800000 2.861453 1.234568
0.900000 2.980958 1.366416
1.000000 2.875804 1.374682
1.100000 2.968207 1.323395
1.200000 2.941010 1.483875
1.300000 2.870286 1.513005
1.400000 2.858865 1.432136
1.500000 2.800469 1.420423
1.600000 2.665601 1.504442
1.700000 2.766441 1.574812
1.800000 2.609511 1.426976
1.900000 2.871771 1.309473
2.000000 2.665665 1.504168
2.100000 2.788108 1.510156
2.200000 2.916920 1.601809
2.300000 2.951720 1.601945
2.400000 2.873177 1.605690
2.500000 2.787599 1.543731
2.600000 2.645394 1.525322
2.700000 2.723464 1.449416
2.800000 2.524810 1.430838
2.900000 2.641506 1.598350
3.000000 2.821144 1.527816
0.100000 1.916398 1.679840
0.200000 1.869917 1.508142
0.300000 2.009616 1.464481
0.400000 1.851462 1.312379
0.500000 1.861834 1.294176
0.600000 1.779141 1.498431
0.700000 1.883647 1.537320
0.800000 1.568216 1.426476
0.900000 1.678438 1.429146
1.000000 1.624723 1.494127
1.100000 1.413048 1.437097
1.200000 1.414486 1.415908
1.300000 1.276210 1.454250
1.400000 1.390736 1.398215
1.500000 1.237374 1.419159
1.600000 1.200070 1.507697
1.700000 1.291809 1.569399
1.800000 1.326581 1.590014
1.900000 1.232674 1.670867
2.000000 1.241179 1.703879
2.100000 1.279058 1.564419
2.200000 1.328680 1.475879
2.300000 1.302930 1.501004
2.400000 1.174699 1.403452
2.500000 1.092679 1.312284
2.600000 1.080101 1.476927
2.700000 1.169800 1.296308
2.800000 1.271042 1.452053
2.900000 1.119639 1.572537
3.000000 1.101412 1.338481
0.100000 1.990373 1.404871
0.200000 1.923988 1.308604
0.300000 1.800514 1.465206
0.400000 1.637501 1.423678
0.500000 1.545633 1.618871
0.600000 1.459863 1.749545
0.700000 1.371202 1.646607
0.800000 1.146455 1.554970
0.900000 1.253704 1.629398
1.000000 1.346189 1.623789
1.100000 1.289456 1.532486
1.200000 1.293096 1.358338
1.300000 1.275283 1.596452
1.400000 1.347724 1.506495
1.500000 1.199242 1.558376
1.600000 1.156324 1.573415
1.700000 1.292149 1.707783
1.800000 1.219224 1.598007
1.900000 1.156068 1.291142
2.000000 1.294303 1.090938
2.100000 1.358545 1.286976
2.200000 1.478500 1.384764
2.300000 1.403438 1.483883
2.400000 1.281105 1.477345
2.500000 1.209007 1.479907
2.600000 1.286598 1.336991
2.700000 1.175269 1.448130
2.800000 1.272150 1.503975
2.900000 1.237917 1.386821
3.000000 1.065072 1.430001
0.100000 2.247486 1.556574
0.200000 2.374969 1.568508
0.300000 2.404351 1.536497
0.400000 2.430040 1.667937
0.500000 2.680200 1.650832
0.600000 2.786680 1.516840
0.700000 2.792229 1.583742
0.800000 2.737411 1.619294
0.900000 2.566055 1.287754
1.000000 2.903142 1.533651
1.100000 2.945177 1.553611
1.200000 2.893443 1.456971
1.300000 2.919874 1.532029
1.400000 2.836934 1.529673
1.500000 2.770919 1.434932
1.600000 2.854344 1.525937
1.700000 2.989331 1.377262
1.800000 2.835537 1.391303
1.900000 2.892380 1.411833
2.000000 2.989553 1.440767
2.100000 2.912502 1.676575
2.200000 2.800848 1.496345
2.300000 2.683344 1.517034
2.400000 2.800578 1.475530
2.500000 2.937928 1.462595
2.600000 2.814918 1.478767
2.700000 2.971873 1.565175
2.800000 2.879068 1.604923
2.900000 2.901842 1.494686
3.000000 2.822832 1.413984
0.100000 1.820138 1.459150
0.200000 1.570815 1.730127
0.300000 1.527156 1.727879
0.400000 1.401872 1.604632
0.500000 1.310367 1.595805
0.600000 1.103601 1.759068
0.700000 1.132078 1.606323
0.800000 1.381800 1.518960
0.900000 1.264577 1.454679
1.000000 1.308752 1.540147
1.100000 1.270396 1.518748
1.200000 1.208534 1.677439
1.300000 1.192179 1.435531
1.400000 1.039878 1.344314
1.500000 1.115411 1.481670
1.600000 1.173183 1.509535
1.700000 1.239107 1.512176
1.800000 1.140401 1.344979
1.900000 1.137494 1.485157
2.000000 1.303878 1.340854
2.100000 1.273444 1.459564
2.200000 1.326057 1.709697
2.300000 1.319320 1.592970
2.400000 1.200703 1.436143
2.500000 1.167600 1.475546
2.600000 1.113882 1.699519
2.700000 1.074782 1.605087
2.800000 1.266107 1.409090
2.900000 1.194939 1.712900
3.000000 1.258264 1.608860
0.100000 1.764543 1.629204
0.200000 1.602987 1.568427
0.300000 1.740210 1.527351
0.400000 1.561447 1.688101
0.500000 1.453144 1.544115
0.600000 1.540382 1.284851
0.700000 1.238629 1.391998
0.800000 1.193729 1.589164
0.900000 1.324892 1.514299
1.000000 1.472669 1.559210
1.100000 1.323943 1.632829
1.200000 1.362044 1.618069
1.300000 1.248027 1.513322
1.400000 1.547505 1.554812
1.500000 1.396082 1.554206
1.600000 1.324907 1.521704
1.700000 1.046171 1.542559
1.800000 1.144007 1.582941
1.900000 1.160180 1.455724
2.000000 1.210491 1.654149
2.100000 1.196810 1.532521
2.200000 1.031671 1.359305
2.300000 0.925688 1.271743
2.400000 1.302645 1.414410
2.500000 1.486753 1.454481
2.600000 1.444608 1.368115
2.700000 1.395547 1.692262
2.800000 1.390466 1.767155
2.900000 1.181370 1.805482
3.000000 1.185421 1.510915
0.100000 2.368451 1.494362
0.200000 2.459887 1.834115
0.300000 2.663988 1.721145
0.400000 2.601750 1.721752
0.500000 2.712815 1.644762
0.600000 2.736924 1.599852
0.700000 2.745573 1.603032
0.800000 2.770334 1.608013
0.900000 2.708978 1.797967
1.000000 2.797214 1.701556
1.100000 2.936270 1.641672
1.200000 2.777378 1.450963
1.300000 2.789414 1.579341
1.400000 2.683902 1.465319
1.500000 2.702159 1.459039
1.600000 2.618823 1.403139
1.700000 2.565699 1.340579
1.800000 2.649102 1.650750
1.900000 2.802073 1.503515
2.000000 2.802313 1.394818
2.100000 2.811876 1.379891
2.200000 2.808346 1.407769
2.300000 2.748410 1.515799
2.400000 2.745640 1.448786
2.500000 2.742490 1.556530
2.600000 2.491103 1.633697
2.700000 2.489368 1.675981
2.800000 2.456802 1.597763
2.900000 2.855411 1.490539
3.000000 2.993354 1.515815
0.100000 1.702916 1.409935
0.200000 1.733828 1.739208
0.300000 1.453143 1.878637
0.400000 1.438774 1.813614
0.500000 1.320295 1.788965
0.600000 1.466465 1.534299
0.700000 1.200433 1.549948
0.800000 1.290771 1.685971
0.900000 1.072979 1.610511
1.000000 1.167878 1.668481
1.100000 1.292208 1.505771
1.200000 1.126883 1.635234
1.300000 1.046890 1.600739
1.400000 1.088415 1.715094
1.500000 1.160651 1.767905
1.600000 1.274834 1.620975
1.700000 1.102813 1.572874
1.800000 1.137461 1.654493
1.900000 1.103894 1.735108
2.000000 1.239678 1.663517
2.100000 1.049511 1.622904
2.200000 1.104114 1.415224
2.300000 1.274963 1.332847
2.400000 1.233493 1.420369
2.500000 1.237888 1.286653
2.600000 1.188557 1.463206
2.700000 1.171716 1.488121
2.800000 1.196015 1.554235
2.900000 1.076606 1.466839
3.000000 1.332175 1.498418
0.100000 1.717369 1.453741
0.200000 1.738125 1.766886
0.300000 1.761243 1.649958
0.400000 1.420971 1.625615
0.500000 1.240100 1.438988
0.600000 1.337485 1.353929
0.700000 1.369870 1.586849
0.800000 1.402579 1.455663
0.900000 1.224874 1.546756
1.000000 1.174980 1.511202
1.100000 1.333757 1.572570
1.200000 1.201424 1.657890
1.300000 1.276426 1.596537
1.400000 1.045184 1.543427
1.500000 1.320287 1.399101
1.600000 1.211944 1.483084
1.700000 1.105613 1.614805
1.800000 1.183026 1.536351
1.900000 1.077257 1.578858
2.000000 1.252100 1.621883
2.100000 1.036126 1.592635
2.200000 1.074520 1.534128
2.300000 1.026206 1.522689
2.400000 1.063198 1.701335
2.500000 1.079973 1.421061
2.600000 1.338329 1.388022
2.700000 1.192728 1.456811
2.800000 0.923473 1.502626
2.900000 1.006558 1.635251
3.000000 0.977861 1.661494
0.100000 2.238954 1.456863
0.200000 2.631928 1.521094
0.300000 2.744791 1.461079
0.400000 2.862280 1.352852
0.500000 2.772770 1.468384
0.600000 2.774979 1.591251
0.700000 2.720398 1.586931
0.800000 2.854469 1.544795
0.900000 2.822073 1.527505
1.000000 2.719634 1.620856
1.100000 2.715545 1.648414
1.200000 2.818667 1.590812
1.300000 2.898271 1.545552
1.400000 2.803102 1.609517
1.500000 2.969261 1.754884
1.600000 2.859962 1.688387
1.700000 2.965285 1.696481
1.800000 2.761154 1.478458
1.900000 2.683073 1.555184
2.000000 2.664821 1.463583
2.100000 2.872337 1.471412
2.200000 2.746838 1.369748
2.300000 2.585956 1.479750
2.400000 2.790408 1.404054
2.500000 2.884212 1.395596
2.600000 2.845067 1.529794
2.700000 2.724592 1.365380
2.800000 2.699715 1.479599
2.900000 2.665891 1.520924
3.000000 2.754514 1.678904
0.100000 1.955809 1.659811
0.200000 2.033206 1.604982
0.300000 1.976886 1.602478
0.400000 1.983320 1.549390
0.500000 2.145331 1.541063
0.600000 2.149415 1.349240
0.700000 2.495687 1.499458
0.800000 2.728301 1.402982
0.900000 2.905008 1.478698
1.000000 2.804737 1.523063
1.100000 2.554501 1.460060
1.200000 2.582514 1.477171
1.300000 2.654506 1.384859
1.400000 2.583391 1.546799
1.500000 2.639761 1.524640
1.600000 2.712343 1.504702
1.700000 2.796475 1.560064
1.800000 2.559369 1.572475
1.900000 2.681528 1.480336
2.000000 2.682251 1.518558
2.100000 2.602659 1.498468
2.200000 2.711668 1.622358
2.300000 2.642775 1.597709
2.400000 2.830048 1.431237
2.500000 2.683492 1.371825
2.600000 2.814326 1.365530
2.700000 2.760276 1.252804
2.800000 2.742517 1.460561
2.900000 2.705919 1.633310
3.000000 2.797700 1.575766
0.100000 2.120387 1.449726
0.200000 1.752843 1.499818
0.300000 1.372108 1.573973
0.400000 1.254894 1.570762
0.500000 1.087610 1.605493
0.600000 1.129175 1.598985
0.700000 1.013261 1.468036
0.800000 1.180525 1.363524
0.900000 1.088917 1.303257
1.000000 1.171336 1.359095
1.100000 1.249065 1.320325
1.200000 1.297090 1.408671
1.300000 1.145121 1.604938
1.400000 1.161961 1.530609
1.500000 1.183030 1.343122
1.600000 1.180696 1.324385
1.700000 1.221291 1.284207
1.800000 1.093576 1.611526
1.900000 1.171986 1.620997
2.000000 1.090486 1.617233
2.100000 1.018793 1.482587
2.200000 1.188743 1.678646
2.300000 1.126761 1.691819
2.400000 1.047309 1.678785
2.500000 1.256788 1.592720
2.600000 1.227794 1.640628
2.700000 1.155353 1.493457
2.800000 1.035804 1.354367
2.900000 0.989694 1.366782
3.000000 1.063263 1.552036
0.100000 2.430085 1.435573
0.200000 2.299172 1.411245
0.300000 2.354402 1.480473
0.400000 2.578606 1.367711
0.500000 2.534068 1.424905
0.600000 2.525566 1.362513
0.700000 2.735297 1.552848
0.800000 2.811309 1.569027
0.900000 2.817867 1.431463
1.000000 2.698228 1.479345
1.100000 2.739687 1.609278
1.200000 2.818978 1.509236
1.300000 2.790854 1.499968
1.400000 2.634787 1.548486
1.500000 2.542967 1.653207
1.600000 2.376757 1.749403
1.700000 2.595138 1.801325
1.800000 2.868326 1.608524
1.900000 2.819772 1.614531
2.000000 2.847384 1.601532
2.100000 2.844758 1.634839
2.200000 2.655195 1.586365
2.300000 2.694203 1.519915
2.400000 2.742446 1.510326
2.500000 2.621656 1.629371
2.600000 2.729325 1.460273
2.700000 2.770464 1.496158
2.800000 2.795907 1.398167
2.900000 2.701643 1.434965
3.000000 2.899633 1.433513
0.100000 2.033585 1.561101
0.200000 1.937178 1.467918
0.300000 1.906345 1.535984
0.400000 2.221622 1.664202
0.500000 2.189729 1.601657
0.600000 2.370329 1.683584
0.700000 2.588128 1.489512
0.800000 2.775134 1.536952
0.900000 2.629666 1.355325
1.000000 2.793021 1.437664
1.100000 2.767932 1.519677
1.200000 2.734688 1.586326
1.300000 2.747817 1.546870
1.400000 2.794686 1.656913
1.500000 2.714997 1.627030
1.600000 2.841488 1.639156
1.700000 2.698328 1.523130
1.800000 2.782090 1.547915
1.900000 2.776515 1.427778
2.000000 2.757449 1.612204
2.100000 2.802799 1.602002
2.200000 3.207738 1.413723
2.300000 2.969279 1.460250
2.400000 2.857988 1.521540
2.500000 2.654096 1.414838
2.600000 2.704883 1.389110
2.700000 2.846647 1.479518
2.800000 2.818911 1.520124
2.900000 2.786295 1.713063
3.000000 3.047905 1.577806
0.100000 2.273997 1.568348
0.200000 2.248601 1.434892
0.300000 2.230797 1.704326
0.400000 2.600201 1.292872
0.500000 2.777734 1.531234
0.600000 2.788712 1.494834
0.700000 2.984380 1.378723
0.800000 2.935846 1.426403
0.900000 2.883513 1.514237
1.000000 2.762199 1.609990
1.100000 2.825363 1.636704
1.200000 2.774384 1.577271
1.300000 2.722577 1.558816
1.400000 2.755998 1.469156
1.500000 2.824312 1.505997
1.600000 2.730703 1.615420
1.700000 2.674166 1.650043
1.800000 2.623605 1.701562
1.900000 2.665790 1.638763
2.000000 2.731456 1.502053
2.100000 2.965204 1.456484
2.200000 2.918753 1.689249
2.300000 2.747858 1.599559
2.400000 2.928322 1.491416
2.500000 2.844050 1.585391
2.600000 2.813552 1.547837
2.700000 2.803894 1.540752
2.800000 2.971043 1.491442
2.900000 2.871273 1.612617
3.000000 2.894323 1.531734
0.100000 2.252744 1.425848
0.200000 2.634009 1.422052
0.300000 2.660411 1.504003
0.400000 2.680337 1.585994
0.500000 2.613432 1.565689
0.600000 2.503954 1.483869
0.700000 2.727333 1.430146
0.800000 2.847344 1.267977
0.900000 2.807727 1.370282
1.000000 2.787839 1.215854
1.100000 2.819749 1.080960
1.200000 2.827749 1.327366
1.300000 2.680950 1.496168
1.400000 2.952229 1.423865
1.500000 2.794356 1.683637
1.600000 2.644355 1.311133
1.700000 2.825001 1.379132
1.800000 2.831198 1.375769
1.900000 2.909713 1.450406
2.000000 3.105970 1.520227
2.100000 2.948897 1.548525
2.200000 2.924717 1.461618
2.300000 2.763739 1.526878
2.400000 2.855233 1.528543
2.500000 2.825514 1.420768
2.600000 2.769531 1.361898
2.700000 2.635914 1.345108
2.800000 2.583959 1.354739
2.900000 2.742665 1.583676
3.000000 2.765589 1.582011
0.100000 1.947154 1.461717
0.200000 1.903586 1.265373
0.300000 1.893372 1.250700
0.400000 1.688857 1.305710
0.500000 1.690792 1.314009
0.600000 1.555508 1.431577
0.700000 1.415884 1.416769
0.800000 1.283689 1.493888
0.900000 1.149721 1.570885
1.000000 1.059235 1.468009
1.100000 1.097222 1.468284
1.200000 1.150535 1.536305
1.300000 1.266964 1.634934
1.400000 1.379190 1.494081
1.500000 1.232146 1.570743
1.600000 1.380127 1.338559
1.700000 1.447092 1.423922
1.800000 1.235183 1.379756
1.900000 1.023825 1.239378
2.000000 1.096023 1.421276
2.100000 0.888603 1.437911
2.200000 1.075078 1.468556
2.300000 1.230730 1.428441
2.400000 1.176270 1.341332
2.500000 1.127754 1.330451
2.600000 1.195373 1.443751
2.700000 1.100468 1.426652
2.800000 1.269428 1.422493
2.900000 1.532569 1.276872
3.000000 1.320835 1.447019
0.100000 2.158528 1.339885
0.200000 2.260783 1.596611
0.300000 2.484295 1.775237
0.400000 2.560759 1.600594
0.500000 2.500110 1.617965
0.600000 2.785542 1.488969
0.700000 2.724662 1.426666
0.800000 2.695838 1.563693
0.900000 2.594566 1.491447
1.000000 2.691689 1.428963
1.100000 2.544484 1.469071
1.200000 2.640404 1.440127
1.300000 2.791702 1.289664
1.400000 2.809093 1.303417
1.500000 2.732061 1.546455
1.600000 2.864584 1.474580
1.700000 2.870419 1.423166
1.800000 2.823717 1.385884
1.900000 2.676552 1.614381
2.000000 2.568441 1.568692
2.100000 2.575658 1.534567
2.200000 2.616090 1.356152
2.300000 2.652486 1.370200
2.400000 2.629671 1.371521
2.500000 2.806546 1.312516
2.600000 3.029894 1.466592
2.700000 2.791010 1.411763
2.800000 2.973696 1.499735
2.900000 2.807157 1.365129
3.000000 2.764899 1.293191
0.100000 1.766015 1.713285
0.200000 1.622697 1.637923
0.300000 1.387224 1.383895
0.400000 1.234819 1.333935
0.500000 1.353943 1.289718
0.600000 1.349317 1.302261
0.700000 1.388723 1.552575
0.800000 1.308997 1.431368
0.900000 1.154040 1.630637
1.000000 1.135922 1.628197
1.100000 1.228298 1.645857
1.200000 1.072045 1.525995
1.300000 1.240781 1.532756
1.400000 1.330013 1.380880
1.500000 1.195331 1.504018
1.600000 1.323954 1.577103
1.700000 1.407903 1.586294
1.800000 1.177290 1.377527
1.900000 1.119679 1.479826
2.000000 1.139447 1.646939
2.100000 1.258516 1.423351
2.200000 1.188564 1.486704
2.300000 1.147347 1.749299
2.400000 1.128529 1.427009
2.500000 1.169016 1.396848
2.600000 1.226657 1.420963
2.700000 1.178620 1.333230
2.800000 1.235624 1.341283
2.900000 1.335569 1.175861
3.000000 1.259505 1.442283
0.100000 1.634108 1.507699
0.200000 1.522089 1.393500
0.300000 1.225736 1.150622
0.400000 1.140027 1.568239
0.500000 1.216154 1.558211
0.600000 1.230627 1.436050
0.700000 1.049108 1.449189
0.800000 1.236753 1.505602
0.900000 1.380932 1.455774
1.000000 1.248542 1.668207
1.100000 1.266661 1.693969
1.200000 1.104907 1.514191
1.300000 1.144671 1.805986
1.400000 1.087761 1.871753
1.500000 1.179009 1.556287
1.600000 1.208595 1.525929
1.700000 1.023234 1.506363
1.800000 1.180972 1.346362
1.900000 1.174640 1.397528
2.000000 1.277049 1.551061
2.100000 1.304949 1.478229
2.200000 1.242194 1.597449
2.300000 1.305995 1.808267
2.400000 1.175265 1.837153
2.500000 1.215411 1.849014
2.600000 1.084091 1.740911
2.700000 1.114336 1.758430
2.800000 1.009433 1.563238
2.900000 1.095576 1.750503
3.000000 1.042408 1.685850
0.100000 1.904457 1.517102
0.200000 1.778098 1.432577
0.300000 1.621600 1.563871
0.400000 1.406170 1.566100
0.500000 1.208009 1.405305
0.600000 1.291995 1.427115
0.700000 0.937617 1.352110
0.800000 1.125685 1.523117
0.900000 1.131687 1.414581
1.000000 1.132677 1.516248
1.100000 1.111023 1.567869
1.200000 1.123398 1.562922
1.300000 1.331832 1.577173
1.400000 1.370938 1.455972
1.500000 1.259575 1.413911
1.600000 1.372740 1.561863
1.700000 1.279208 1.591019
1.800000 1.243066 1.435137
1.900000 1.232611 1.408124
2.000000 1.182961 1.443221
2.100000 1.049554 1.395582
2.200000 0.996444 1.569542
2.300000 0.995633 1.675572
2.400000 1.088943 1.505595
2.500000 1.235253 1.512809
2.600000 1.248507 1.446969
2.700000 1.187061 1.381686
2.800000 1.065917 1.432893
2.900000 1.058704 1.460374
3.000000 1.182367 1.381059
0.100000 2.137792 1.414397
0.200000 2.147181 1.484313
0.300000 2.175246 1.438790
0.400000 2.076681 1.527250
0.500000 1.739421 1.559556
0.600000 2.004504 1.546867
0.700000 1.783034 1.711217
0.800000 1.520314 1.523261
0.900000 1.325396 1.571407
1.000000 1.163670 1.452527
1.100000 1.060714 1.511618
1.200000 1.180390 1.563518
1.300000 1.090520 1.513007
1.400000 1.139523 1.473320
1.500000 1.252845 1.344736
1.600000 1.108186 1.431173
1.700000 1.200032 1.597484
1.800000 1.211977 1.552209
1.900000 1.256432 1.451498
2.000000 1.244260 1.454454
2.100000 1.069640 1.535993
2.200000 1.289499 1.400611
2.300000 1.397851 1.306902
2.400000 1.555013 1.427678
2.500000 1.340925 1.302550
2.600000 1.306769 1.458375
2.700000 1.398211 1.662551
2.800000 1.043457 1.446790
2.900000 1.216053 1.509546
3.000000 1.167561 1.602843
0.100000 2.076572 1.462289
0.200000 2.114435 1.426670
0.300000 2.333844 1.660304
0.400000 2.571638 1.531442
0.500000 2.669504 1.644353
0.600000 2.702847 1.462068
0.700000 2.810399 1.373274
0.800000 2.785185 1.361327
0.900000 2.841502 1.348975
1.000000 2.830596 1.505233
1.100000 2.760163 1.668165
1.200000 2.676102 1.546242
1.300000 2.862046 1.506754
1.400000 2.772795 1.476933
1.500000 2.634650 1.649333
1.600000 2.747207 1.316006
1.700000 2.864184 1.374183
1.800000 2.880572 1.411389
1.900000 2.792000 1.386943
2.000000 2.836531 1.523395
2.100000 2.847419 1.529740
2.200000 2.788265 1.412803
2.300000 2.743927 1.351197
2.400000 2.736815 1.579343
2.500000 2.641165 1.485540
2.600000 2.812908 1.483888
2.700000 2.667960 1.617309
2.800000 2.805754 1.603770
2.900000 2.907986 1.491799
3.000000 2.799728 1.364104
0.100000 1.999597 1.530905
0.200000 1.598874 1.568821
0.300000 1.477268 1.479822
0.400000 1.569164 1.581354
0.500000 1.430423 1.541601
0.600000 1.317739 1.487842
0.700000 1.204504 1.444841
0.800000 1.125999 1.502653
0.900000 1.202015 1.486824
1.000000 0.984680 1.554543
1.100000 1.146647 1.586200
1.200000 1.363918 1.612291
1.300000 1.230610 1.523610
1.400000 1.211105 1.511437
1.500000 1.353876 1.470642
1.600000 1.247169 1.391380
1.700000 1.407409 1.359975
1.800000 1.404664 1.545818
1.900000 1.499824 1.601925
2.000000 1.485422 1.420677
2.100000 1.159291 1.696916
2.200000 1.301729 1.617123
2.300000 1.365039 1.361792
2.400000 1.357618 1.422269
2.500000 1.218656 1.597528
2.600000 1.057256 1.629714
2.700000 1.358461 1.613700
2.800000 1.429199 1.540294
2.900000 1.445505 1.564097
3.000000 1.448528 1.596164
0.100000 1.918811 1.403239
0.200000 1.850438 1.443060
0.300000 1.840493 1.429904
0.400000 2.029526 1.530911
0.500000 2.083144 1.368542
0.600000 1.802437 1.346929
0.700000 1.951021 1.448932
0.800000 2.113694 1.455876
0.900000 2.283152 1.657258
1.000000 2.394853 1.685404
1.100000 2.662170 1.586133
1.200000 2.676816 1.472766
1.300000 2.731512 1.507689
1.400000 2.811146 1.680015
1.500000 2.770054 1.405835
1.600000 2.856842 1.473744
1.700000 2.644889 1.621881
1.800000 2.549957 1.516132
1.900000 2.754355 1.361394
2.000000 2.834667 1.412097
2.100000 2.726739 1.508998
2.200000 2.788242 1.645135
2.300000 2.822856 1.661586
2.400000 2.648996 1.619914
2.500000 2.601247 1.680246
2.600000 2.429496 1.570044
2.700000 2.519502 1.546934
2.800000 2.666766 1.553011
2.900000 2.564007 1.666339
3.000000 2.880425 1.573670
0.100000 2.003306 1.572967
0.200000 2.146691 1.506425
0.300000 2.429137 1.481825
0.400000 2.388898 1.651198
0.500000 2.361675 1.683188
0.600000 2.435787 1.614865
0.700000 2.596764 1.502870
0.800000 2.626455 1.555016
0.900000 2.534277 1.544432
1.000000 2.646465 1.522317
1.100000 2.665123 1.397958
1.200000 2.740133 1.406263
1.300000 2.814377 1.498701
1.400000 2.782459 1.255199
1.500000 2.940778 1.381390
1.600000 2.746186 1.571083
1.700000 2.896494 1.528866
1.800000 2.945239 1.385991
1.900000 2.910901 1.613725
2.000000 2.683889 1.554202
2.100000 2.553390 1.349348
2.200000 2.847930 1.449399
2.300000 3.001407 1.296560
2.400000 3.038591 1.184102
2.500000 3.044504 1.357871
2.600000 2.914000 1.432508
2.700000 2.976097 1.454957
2.800000 2.879236 1.493312
2.900000 2.734172 1.240834
3.000000 2.885355 1.437031
0.100000 2.247286 1.411434
0.200000 2.315255 1.464880
0.300000 2.448383 1.440962
0.400000 2.714959 1.400744
0.500000 2.691494 1.523784
0.600000 2.635066 1.666135
0.700000 2.917250 1.620340
0.800000 2.698808 1.455827
0.900000 2.664229 1.325775
1.000000 2.613905 1.222637
1.100000 2.730092 1.426997
1.200000 2.765711 1.563930
1.300000 2.962704 1.573996
1.400000 2.936556 1.452991
1.500000 2.938266 1.488461
1.600000 2.821446 1.448001
1.700000 2.868964 1.442545
1.800000 2.830644 1.623633
1.900000 2.820200 1.445726
2.000000 2.723910 1.563361
2.100000 2.809576 1.531529
2.200000 2.749000 1.435826
2.300000 2.780774 1.332109
2.400000 2.811211 1.663620
2.500000 2.915538 1.797500
2.600000 2.719963 1.645811
2.700000 2.795207 1.685157
2.800000 2.698174 1.431511
2.900000 2.579817 1.451941
3.000000 2.625225 1.662387
0.100000 1.950305 1.386681
0.200000 1.729342 1.413253
0.300000 1.537873 1.403242
0.400000 1.456348 1.649866
0.500000 1.370888 1.462993
0.600000 1.198094 1.432193
0.700000 1.200820 1.457247
0.800000 1.200364 1.300302
0.900000 1.144249 1.372034
1.000000 1.236912 1.355319
1.100000 1.280267 1.404627
1.200000 1.098823 1.319252
1.300000 1.059054 1.256385
1.400000 1.179898 1.510644
1.500000 1.266450 1.676758
1.600000 1.341229 1.589695
1.700000 1.294753 1.610698
1.800000 1.129784 1.635849
1.900000 1.218194 1.576966
2.000000 1.107890 1.684660
2.100000 1.199890 1.417826
2.200000 1.314940 1.477941
2.300000 1.307359 1.379209
2.400000 1.221965 1.335079
2.500000 1.114268 1.365323
2.600000 1.175736 1.424908
2.700000 1.072088 1.441208
2.800000 1.189997 1.398918
2.900000 1.296154 1.428575
3.000000 1.198640 1.583529
0.100000 2.135149 1.500267
0.200000 2.272969 1.382468
0.300000 2.124594 1.401003
0.400000 2.219109 1.413605
0.500000 2.300790 1.505151
0.600000 2.630296 1.686587
0.700000 2.471045 1.548722
0.800000 2.637944 1.607672
0.900000 2.650272 1.622725
1.000000 2.687741 1.649982
1.100000 2.607639 1.368417
1.200000 2.711667 1.226912
1.300000 2.596297 1.428279
1.400000 2.710950 1.365697
1.500000 2.774895 1.495481
1.600000 2.799278 1.542355
1.700000 2.743577 1.680988
1.800000 2.814841 1.724256
1.900000 2.772754 1.678829
2.000000 2.602476 1.585029
2.100000 2.711612 1.515121
2.200000 2.511900 1.452023
2.300000 2.679767 1.353804
2.400000 2.632604 1.316379
2.500000 2.545888 1.406532
2.600000 2.703621 1.537737
2.700000 2.759034 1.525214
2.800000 2.886168 1.466580
2.900000 2.964632 1.580208
3.000000 2.674804 1.474847
0.100000 2.262624 1.426423
0.200000 2.767294 1.402142
0.300000 2.895768 1.556337
0.400000 2.834704 1.504029
0.500000 2.947020 1.562554
0.600000 2.904318 1.645234
0.700000 2.939794 1.488806
0.800000 2.893476 1.447173
0.900000 3.050678 1.485870
1.000000 2.794298 1.624556
1.100000 2.812163 1.401220
1.200000 2.855460 1.460136
1.300000 2.929249 1.450685
1.400000 2.830133 1.577814
1.500000 2.844031 1.545201
1.600000 3.089805 1.554946
1.700000 2.868911 1.577007
1.800000 2.840534 1.512209
1.900000 2.625711 1.425440
2.000000 2.734904 1.451157
2.100000 2.745033 1.579505
2.200000 2.718406 1.824268
2.300000 2.887896 1.608431
2.400000 2.791675 1.612845
2.500000 2.738426 1.631640
2.600000 2.796487 1.634089
2.700000 2.715427 1.646002
2.800000 2.700419 1.566726
2.900000 2.713236 1.320335
3.000000 2.733305 1.430003
0.100000 1.879081 1.555623
0.200000 1.903737 1.594227
0.300000 1.754826 1.678475
0.400000 1.300707 1.601291
0.500000 1.387019 1.499787
0.600000 1.292954 1.451524
0.700000 1.163529 1.483631
0.800000 1.210750 1.429273
0.900000 1.098080 1.548617
1.000000 1.161574 1.447101
1.100000 1.130687 1.475218
1.200000 1.176745 1.442034
1.300000 1.323284 1.505088
1.400000 1.215249 1.612150
1.500000 1.275369 1.599278
1.600000 0.944438 1.593498
1.700000 1.066643 1.720815
1.800000 1.178660 1.638721
1.900000 1.417373 1.614899
2.000000 1.455270 1.365300
2.100000 1.247386 1.586258
2.200000 1.211175 1.564299
2.300000 1.239713 1.519981
2.400000 1.281024 1.576131
2.500000 1.222838 1.436275
2.600000 1.311955 1.567982
2.700000 1.299439 1.615286
2.800000 1.556242 1.575479
2.900000 1.544104 1.673529
3.000000 1.439694 1.647501
0.100000 1.810273 1.488801
0.200000 1.760602 1.425374
0.300000 1.816858 1.655280
0.400000 1.755382 1.584271
0.500000 1.691263 1.571633
0.600000 1.659824 1.461266
0.700000 1.350904 1.441096
0.800000 1.274002 1.640753
0.900000 1.320288 1.623868
1.000000 1.306092 1.581131
1.100000 1.213197 1.379091
1.200000 1.211210 1.300263
1.300000 1.220942 1.249671
1.400000 0.979726 1.415364
1.500000 1.090540 1.458583
1.600000 1.180279 1.465975
1.700000 1.113965 1.511755
1.800000 1.018499 1.535694
1.900000 0.999782 1.447552
2.000000 1.167542 1.518118
2.100000 1.248731 1.481540
2.200000 1.020319 1.610264
2.300000 1.203636 1.610326
2.400000 1.101600 1.522457
2.500000 1.101335 1.505592
2.600000 1.121898 1.692673
2.700000 1.170054 1.627788
2.800000 1.155630 1.307986
2.900000 1.192100 1.278054
3.000000 1.417303 1.506544
0.100000 1.974622 1.402077
0.200000 1.899581 1.613532
0.300000 1.705367 1.437107
0.400000 1.317519 1.601550
0.500000 1.136266 1.476176
0.600000 1.146480 1.419451
0.700000 1.299036 1.382724
0.800000 1.315058 1.426036
0.900000 1.331086 1.626552
1.000000 1.298865 1.570408
1.100000 1.425458 1.661339
1.200000 1.418787 1.583152
1.300000 1.187921 1.593470
1.400000 1.071457 1.529234
1.500000 1.174461 1.332235
1.600000 1.041181 1.395878
1.700000 1.139743 1.517832
1.800000 1.073865 1.565734
1.900000 1.219781 1.454636
2.000000 1.028371 1.599545
2.100000 1.183575 1.267117
2.200000 0.979020 1.407453
2.300000 0.858490 1.447528
2.400000 0.960531 1.383380
2.500000 0.963277 1.443986
2.600000 1.199408 1.521306
2.700000 1.127562 1.543179
2.800000 1.132941 1.340706
2.900000 1.126320 1.310500
3.000000 1.050876 1.374851
0.100000 2.377660 1.404850
0.200000 2.483101 1.336359
0.300000 2.770795 1.271016
0.400000 2.656965 1.424079
0.500000 2.734798 1.443787
0.600000 2.711130 1.523271
0.700000 2.686536 1.447617
0.800000 2.696329 1.232636
0.900000 2.762823 1.271636
1.000000 2.831148 1.415657
1.100000 2.663459 1.355004
1.200000 2.640370 1.469395
1.300000 2.714427 1.497573
1.400000 2.757601 1.495641
1.500000 2.720092 1.619415
1.600000 2.614118 1.355514
1.700000 2.588595 1.449155
1.800000 2.840532 1.301929
1.900000 2.836654 1.329627
2.000000 2.637747 1.472602
2.100000 2.836234 1.473018
2.200000 2.796824 1.585342
2.300000 2.689484 1.513129
2.400000 2.544471 1.570258
2.500000 2.373932 1.533083
2.600000 2.493490 1.609852
2.700000 2.545314 1.725981
2.800000 2.534403 1.568437
2.900000 2.740737 1.548832
3.000000 2.739603 1.462727
0.100000 1.790687 1.595340
0.200000 1.625027 1.750257
0.300000 1.402722 1.666542
0.400000 1.554608 1.549492
0.500000 1.352198 1.673769
0.600000 1.267414 1.695806
0.700000 1.015173 1.720254
0.800000 1.068601 1.465834
0.900000 1.177491 1.486031
1.000000 0.966480 1.617001
1.100000 1.088032 1.539028
1.200000 1.261759 1.593462
1.300000 1.303422 1.584608
1.400000 1.230690 1.710926
1.500000 1.214915 1.623802
1.600000 1.309488 1.603552
1.700000 1.306210 1.657685
1.800000 1.292375 1.620904
1.900000 1.213089 1.587479
2.000000 1.294470 1.415553
2.100000 1.189353 1.362479
2.200000 1.076538 1.465980
2.300000 1.082739 1.510254
2.400000 1.127262 1.455723
2.500000 1.281219 1.578435
2.600000 1.213216 1.445197
2.700000 1.199768 1.512874
2.800000 1.198664 1.490584
2.900000 1.128277 1.617158
3.000000 1.162108 1.424870
0.100000 2.215156 1.380008
0.200000 2.347867 1.199328
0.300000 2.529195 1.317959
0.400000 2.568765 1.399021
0.500000 2.595831 1.334749
0.600000 2.640697 1.384756
0.700000 2.964696 1.462766
0.800000 2.721660 1.546108
0.900000 2.660439 1.614671
1.000000 2.629148 1.517582
1.100000 2.769751 1.439334
1.200000 3.005974 1.293566
1.300000 2.821906 1.428663
1.400000 2.770481 1.590325
1.500000 2.777474 1.624139
1.600000 2.680589 1.525526
1.700000 2.847215 1.474082
1.800000 2.654508 1.529493
1.900000 2.752789 1.415751
2.000000 2.849142 1.579440
2.100000 2.794171 1.588613
2.200000 2.738265 1.362104
2.300000 2.591774 1.410613
2.400000 2.605505 1.526829
2.500000 2.748913 1.535142
2.600000 2.797278 1.569928
2.700000 2.712548 1.499039
2.800000 2.780985 1.561987
2.900000 2.770045 1.361511
3.000000 2.736576 1.200733
0.100000 2.069421 1.514001
0.200000 2.346580 1.367195
0.300000 2.553062 1.536757
0.400000 2.681966 1.566253
0.500000 2.734818 1.619581
0.600000 2.932934 1.564180
0.700000 2.897121 1.491628
0.800000 2.788266 1.688883
0.900000 2.708149 1.588947
1.000000 2.450255 1.466703
1.100000 2.549992 1.497057
1.200000 2.583144 1.812463
1.300000 2.840020 1.628533
1.400000 2.824302 1.543418
1.500000 2.622669 1.502402
1.600000 2.917929 1.509923
1.700000 2.914433 1.488489
1.800000 2.913496 1.496408
1.900000 2.843498 1.226704
2.000000 2.796452 1.515304
2.100000 2.799438 1.545933
2.200000 2.705382 1.475577
2.300000 2.622445 1.529368
2.400000 2.773202 1.488052
2.500000 2.945177 1.594720
2.600000 2.908021 1.720127
2.700000 2.795657 1.616083
2.800000 2.800310 1.618813
2.900000 2.904388 1.428484
3.000000 2.631958 1.425900
0.100000 2.211390 1.530537
0.200000 2.482295 1.645820
0.300000 2.593718 1.430297
0.400000 2.623378 1.435917
0.500000 2.856689 1.496410
0.600000 2.853575 1.604790
0.700000 2.773600 1.525523
0.800000 2.787421 1.526252
0.900000 2.828545 1.610418
1.000000 3.062306 1.548948
1.100000 2.845076 1.487121
1.200000 2.845116 1.506911
1.300000 2.733846 1.484429
1.400000 2.711499 1.367718
1.500000 2.858941 1.617970
1.600000 2.815104 1.548876
1.700000 2.747788 1.519369
1.800000 2.677698 1.515203
1.900000 2.692858 1.471798
2.000000 2.611713 1.633523
2.100000 2.637417 1.610185
2.200000 2.686475 1.480381
2.300000 2.673958 1.605136
2.400000 2.592742 1.482692
2.500000 2.652048 1.389740
2.600000 2.840943 1.250376
2.700000 2.954708 1.446922
2.800000 2.878301 1.478231
2.900000 2.889643 1.517111
3.000000 2.926328 1.485364
0.100000 2.062838 1.584460
0.200000 2.158352 1.543602
0.300000 2.238875 1.446700
0.400000 2.300831 1.219487
0.500000 2.360778 1.492127
0.600000 2.387880 1.454681
0.700000 2.527669 1.439471
0.800000 2.650211 1.509773
0.900000 2.712578 1.565027
1.000000 2.715936 1.676060
1.100000 2.661689 1.524466
1.200000 2.658917 1.659447
1.300000 2.673141 1.403554
1.400000 2.830650 1.256116
1.500000 2.686272 1.229365
1.600000 2.736129 1.337849
1.700000 2.608242 1.623025
1.800000 2.813988 1.392489
1.900000 2.738759 1.509274
2.000000 2.864791 1.593513
2.100000 2.841478 1.564162
2.200000 2.865667 1.563816
2.300000 2.942730 1.399219
2.400000 2.841718 1.687085
2.500000 2.826351 1.581280
2.600000 3.025295 1.677354
2.700000 2.834318 1.584267
2.800000 2.829283 1.605719
2.900000 2.825387 1.498705
3.000000 2.737385 1.457916
0.100000 1.804304 1.453180
0.200000 1.716187 1.324932
0.300000 1.389274 1.241542
0.400000 1.412650 1.576178
0.500000 1.380840 1.468006
0.600000 1.491267 1.574389
0.700000 1.374486 1.506838
0.800000 1.195077 1.581978
0.900000 1.288673 1.585793
1.000000 1.198805 1.402181
1.100000 1.289334 1.601422
1.200000 1.260443 1.491964
1.300000 1.145962 1.532925
1.400000 1.177686 1.580742
1.500000 1.258569 1.606076
1.600000 1.166249 1.540383
1.700000 1.317021 1.500907
1.800000 1.254849 1.538825
1.900000 1.120672 1.347057
2.000000 1.249535 1.284225
2.100000 1.246422 1.460498
2.200000 1.174458 1.247659
2.300000 1.222894 1.522798
2.400000 1.142492 1.582196
2.500000 1.254318 1.665819
2.600000 1.216433 1.652039
2.700000 1.329137 1.547691
2.800000 1.391702 1.398437
2.900000 1.336021 1.458114
3.000000 1.113912 1.422339
0.100000 1.626604 1.278087
0.200000 1.387377 1.505544
0.300000 1.105702 1.430522
0.400000 1.092841 1.415888
0.500000 1.093346 1.456957
0.600000 1.140807 1.463528
0.700000 1.033836 1.489449
0.800000 1.020837 1.442084
0.900000 1.026900 1.342688
1.000000 1.218496 1.511098
1.100000 1.228287 1.429551
1.200000 1.128712 1.539647
1.300000 1.245633 1.491604
1.400000 1.180817 1.445384
1.500000 1.230043 1.490034
1.600000 1.241639 1.581379
1.700000 1.054246 1.310430
1.800000 0.996494 1.391118
1.900000 1.370794 1.537745
2.000000 1.235123 1.660106
2.100000 1.315673 1.654494
2.200000 1.269007 1.535484
2.300000 1.133396 1.592165
2.400000 1.171838 1.509249
2.500000 1.086025 1.631028
2.600000 1.160148 1.408931
2.700000 1.094968 1.378689
2.800000 1.240233 1.484021
2.900000 1.268635 1.471619
3.000000 1.146522 1.535900
0.100000 1.768533 1.584279
0.200000 1.596653 1.651905
0.300000 1.361422 1.418727
0.400000 1.343801 1.383829
0.500000 1.195179 1.657670
0.600000 1.208759 1.637753
0.700000 1.257972 1.575743
0.800000 1.302607 1.649631
0.900000 1.361444 1.473136
1.000000 1.319367 1.678316
1.100000 1.218709 1.451510
1.200000 1.251600 1.522094
1.300000 1.234950 1.537160
1.400000 1.279410 1.642163
1.500000 1.080236 1.283652
1.600000 1.041400 1.525814
1.700000 1.104249 1.639100
1.800000 1.182811 1.692856
1.900000 1.264865 1.571375
2.000000 1.415804 1.541270
2.100000 1.358169 1.530616
2.200000 1.274430 1.544341
2.300000 1.297773 1.475985
2.400000 1.159590 1.569984
2.500000 1.194890 1.683621
2.600000 1.250166 1.604614
2.700000 1.204820 1.715693
2.800000 1.286333 1.570912
2.900000 1.243518 1.492113
3.000000 1.300741 1.409538
0.100000 1.651501 1.525511
0.200000 1.495233 1.524771
0.300000 1.337819 1.489814
0.400000 1.262650 1.646701
0.500000 1.324206 1.624340
0.600000 1.170306 1.614831
0.700000 1.022956 1.663160
0.800000 0.995772 1.425754
0.900000 1.000652 1.520576
1.000000 1.184863 1.498738
1.100000 1.224062 1.483843
1.200000 1.163775 1.439433
1.300000 1.266157 1.425290
1.400000 1.172798 1.692468
1.500000 1.078195 1.251078
1.600000 1.133187 1.236618
1.700000 1.188698 1.328369
1.800000 1.155881 1.368775
1.900000 1.356708 1.297359
2.000000 1.297181 1.372258
2.100000 1.205240 1.624727
2.200000 1.230900 1.587476
2.300000 1.217301 1.588810
2.400000 1.160848 1.537111
2.500000 1.236928 1.534939
2.600000 1.170755 1.480532
2.700000 1.124636 1.562472
2.800000 1.246308 1.503835
2.900000 1.226408 1.532973
3.000000 1.271116 1.453885
0.100000 1.955861 1.466278
0.200000 1.970453 1.334248
0.300000 1.976622 1.419196
0.400000 2.055711 1.535148
0.500000 2.007991 1.419055
0.600000 2.075264 1.387884
0.700000 2.054566 1.359778
0.800000 2.426518 1.496220
0.900000 2.756682 1.451046
1.000000 2.749962 1.495555
1.100000 2.783978 1.547307
1.200000 2.776736 1.553622
1.300000 2.834296 1.605974
1.400000 2.867028 1.432661
1.500000 2.760949 1.464311
1.600000 2.776196 1.526341
1.700000 2.715234 1.250649
1.800000 2.677801 1.545225
1.900000 2.878372 1.683339
2.000000 2.904405 1.457808
2.100000 2.817464 1.440185
2.200000 2.899633 1.450248
2.300000 2.713229 1.565942
2.400000 2.751414 1.479930
2.500000 2.759007 1.408175
2.600000 2.802426 1.409627
2.700000 2.802653 1.498173
2.800000 2.842193 1.450774
2.900000 2.811199 1.296610
3.000000 2.972759 1.137698
0.100000 2.200901 1.703232
0.200000 2.264921 1.566602
0.300000 2.314519 1.443291
0.400000 2.452880 1.450395
0.500000 2.641999 1.428846
0.600000 2.676619 1.638831
0.700000 2.803016 1.683178
0.800000 2.812521 1.617679
0.900000 2.659231 1.522501
1.000000 2.731250 1.626739
1.100000 2.697771 1.383499
1.200000 2.711624 1.358679
1.300000 2.757277 1.487213
1.400000 2.747161 1.502485
1.500000 2.734963 1.675081
1.600000 2.654080 1.627444
1.700000 2.741159 1.530962
1.800000 2.992617 1.547740
1.900000 3.048850 1.605587
2.000000 2.895174 1.529667
2.100000 2.947279 1.656272
2.200000 2.895628 1.558588
2.300000 2.861791 1.486527
2.400000 2.815124 1.497931
2.500000 2.778166 1.572017
2.600000 2.732195 1.280058
2.700000 2.859191 1.407478
2.800000 2.878542 1.440349
2.900000 2.725520 1.385745
3.000000 2.710856 1.524561
0.100000 1.594500 1.549236
0.200000 1.354685 1.507184
0.300000 1.273224 1.614335
0.400000 1.498858 1.423232
0.500000 1.251094 1.625698
0.600000 1.118900 1.448007
0.700000 1.108487 1.479223
0.800000 1.013892 1.396490
0.900000 1.200319 1.475991
1.000000 1.216136 1.584086
1.100000 1.250114 1.467434
1.200000 1.206051 1.491102
1.300000 1.375806 1.402247
1.400000 1.173924 1.337780
1.500000 1.184478 1.342938
1.600000 1.068063 1.464756
1.700000 1.008226 1.583285
1.800000 1.251959 1.438448
1.900000 1.288198 1.470050
2.000000 1.216818 1.621217
2.100000 1.164737 1.426262
2.200000 1.181381 1.210331
2.300000 1.233941 1.509046
2.400000 1.194502 1.484955
2.500000 1.111379 1.523686
2.600000 1.316249 1.604595
2.700000 1.302197 1.611895
2.800000 1.394529 1.476178
2.900000 1.258095 1.517077
3.000000 1.218245 1.540230
0.100000 1.928045 1.478611
0.200000 1.931128 1.547849
0.300000 1.680026 1.668042
0.400000 1.877422 1.506777
0.500000 1.948558 1.429436
0.600000 2.005909 1.328642
0.700000 2.127164 1.317149
0.800000 2.249692 1.520415
0.900000 2.220455 1.673689
1.000000 2.373500 1.547720
1.100000 2.295832 1.656707
1.200000 2.310740 1.738274
1.300000 2.287280 1.626533
1.400000 2.290832 1.679633
1.500000 2.525815 1.616073
1.600000 2.408682 1.601091
1.700000 2.490086 1.695464
1.800000 2.552401 1.414921
1.900000 2.771368 1.342094
2.000000 2.860145 1.473353
2.100000 2.560531 1.442612
2.200000 2.699784 1.217632
2.300000 2.732897 1.392203
2.400000 2.910957 1.554507
2.500000 2.882620 1.591579
2.600000 2.881721 1.598197
2.700000 2.605790 1.596408
2.800000 2.704150 1.543772
2.900000 2.781573 1.589623
3.000000 2.729278 1.450946
0.100000 1.941676 1.658705
0.200000 2.008636 1.659210
0.300000 2.041618 1.530103
0.400000 1.895360 1.500549
0.500000 1.716624 1.381087
0.600000 1.613437 1.310965
0.700000 1.348730 1.343712
0.800000 1.282019 1.433852
0.900000 1.199478 1.512386
1.000000 1.153716 1.394913
1.100000 1.284479 1.477784
1.200000 1.325795 1.461409
1.300000 1.508467 1.428982
1.400000 1.394744 1.470653
1.500000 1.088110 1.513902
1.600000 0.998108 1.400847
1.700000 1.036219 1.548840
1.800000 1.083525 1.366646
1.900000 1.122516 1.409520
2.000000 1.280663 1.450372
2.100000 1.308317 1.502881
2.200000 1.174886 1.688435
2.300000 1.161693 1.781322
2.400000 1.180868 1.777549
2.500000 1.370881 1.738096
2.600000 1.144326 1.564417
2.700000 1.281206 1.351848
2.800000 1.160516 1.590817
2.900000 1.231937 1.479838
3.000000 1.097760 1.435315
0.100000 1.897078 1.407183
0.200000 1.781015 1.624585
0.300000 1.622549 1.679631
0.400000 1.716368 1.528539
0.500000 1.334045 1.616295
0.600000 1.449628 1.701915
0.700000 1.388369 1.628670
0.800000 1.287628 1.369053
0.900000 1.302318 1.315000
1.000000 1.402000 1.494449
1.100000 1.242791 1.633726
1.200000 1.273873 1.514782
1.300000 0.954612 1.385269
1.400000 1.212222 1.513510
1.500000 1.187117 1.548751
1.600000 1.421190 1.512936
1.700000 1.322309 1.592349
1.800000 1.490368 1.609377
1.900000 1.354006 1.544453
2.000000 1.177193 1.595221
2.100000 1.153095 1.570960
2.200000 1.163779 1.646284
2.300000 1.497203 1.591269
2.400000 1.596564 1.574049
2.500000 1.389235 1.563946
2.600000 1.175944 1.313867
2.700000 1.180768 1.309591
2.800000 1.221462 1.361795
2.900000 1.123147 1.504586
3.000000 1.108346 1.471900
0.100000 2.048801 1.537727
0.200000 1.952961 1.493007
0.300000 2.116080 1.543672
0.400000 2.423167 1.606682
0.500000 2.668348 1.677609
0.600000 2.756825 1.760605
0.700000 2.531137 1.756410
0.800000 2.397568 1.707287
0.900000 2.819172 1.635004
1.000000 2.769315 1.621954
1.100000 2.780174 1.572686
1.200000 2.655080 1.512012
1.300000 2.764744 1.235507
1.400000 2.843232 1.317683
1.500000 2.828218 1.432927
1.600000 2.731649 1.659804
1.700000 2.674350 1.604328
1.800000 2.831169 1.523864
1.900000 2.693254 1.610537
2.000000 2.755887 1.701138
2.100000 2.673312 1.724467
2.200000 2.613751 1.630204
2.300000 2.835917 1.454485
2.400000 2.844484 1.373538
2.500000 2.897676 1.488555
2.600000 2.941633 1.424500
2.700000 2.729792 1.507285
2.800000 2.590840 1.500417
2.900000 2.600311 1.481338
3.000000 2.588485 1.497973
0.100000 1.953130 1.358402
0.200000 1.891352 1.297908
0.300000 1.764880 1.332792
0.400000 1.539880 1.559424
0.500000 1.670382 1.310640
0.600000 1.421889 1.300545
0.700000 1.390403 1.463424
0.800000 1.398456 1.644488
0.900000 1.146281 1.585134
1.000000 1.194976 1.638686
1.100000 1.365557 1.489129
1.200000 1.412520 1.488435
1.300000 1.289646 1.478197
1.400000 1.086110 1.613959
1.500000 1.072580 1.646494
1.600000 1.081920 1.299336
1.700000 1.001394 1.455915
1.800000 1.225001 1.379761
1.900000 1.271517 1.288543
2.000000 1.401604 1.547927
2.100000 1.165300 1.479097
2.200000 1.250259 1.444663
2.300000 1.304105 1.256712
2.400000 1.211673 1.380143
2.500000 1.265216 1.439461
2.600000 1.322938 1.436520
2.700000 1.166493 1.329647
2.800000 1.159007 1.331249
2.900000 1.199966 1.718355
3.000000 1.246839 1.567340
0.100000 2.073237 1.403829
0.200000 2.371503 1.517176
0.300000 2.540659 1.326112
0.400000 2.699290 1.517272
0.500000 2.491487 1.427184
0.600000 2.799425 1.527250
0.700000 2.739408 1.597284
0.800000 2.906388 1.660105
0.900000 2.714915 1.730980
1.000000 2.783299 1.672259
1.100000 2.726284 1.599481
1.200000 2.797717 1.839470
1.300000 2.877152 1.591641
1.400000 2.800689 1.525988
1.500000 2.903277 1.276469
1.600000 2.898309 1.321001
1.700000 2.780093 1.517230
1.800000 2.728108 1.613950
1.900000 2.736474 1.595372
2.000000 2.720147 1.690223
2.100000 2.900730 1.610342
2.200000 2.916069 1.495598
2.300000 2.977386 1.384516
2.400000 2.767454 1.554844
2.500000 2.720520 1.651243
2.600000 2.797884 1.424747
2.700000 2.635187 1.120818
2.800000 2.620269 1.223564
2.900000 2.937718 1.420375
3.000000 2.940462 1.485369
0.100000 2.007544 1.467323
0.200000 2.034370 1.636752
0.300000 1.528597 1.598606
0.400000 1.448536 1.689983
0.500000 1.308918 1.560542
0.600000 1.298014 1.443664
0.700000 1.429036 1.413485
0.800000 1.283957 1.606080
0.900000 1.225324 1.425061
1.000000 1.148185 1.577233
1.100000 1.076186 1.533335
1.200000 1.127311 1.461329
1.300000 1.103556 1.541926
1.400000 1.039231 1.506866
1.500000 1.163255 1.450245
1.600000 1.319426 1.531252
1.700000 1.133503 1.526852
1.800000 1.146505 1.457508
1.900000 1.182503 1.198108
2.000000 1.239840 1.290982
2.100000 1.154569 1.415349
2.200000 0.964651 1.344117
2.300000 1.040453 1.433425
2.400000 1.113101 1.366144
2.500000 1.072253 1.512501
2.600000 1.211200 1.179319
2.700000 1.082072 1.199601
2.800000 1.109695 1.452692
2.900000 1.173473 1.548364
3.000000 1.245609 1.643267
0.100000 1.849383 1.603624
0.200000 1.981264 1.550136
0.300000 1.853970 1.471721
0.400000 1.598210 1.694874
0.500000 1.325332 1.437543
0.600000 1.202871 1.438200
0.700000 1.344483 1.439074
0.800000 1.293550 1.510674
0.900000 1.475170 1.373879
1.000000 1.313473 1.512921
1.100000 1.273053 1.557926
1.200000 1.251396 1.404643
1.300000 1.203301 1.379758
1.400000 1.261345 1.552109
1.500000 1.156641 1.686688
1.600000 1.081277 1.555898
1.700000 1.039007 1.417898
1.800000 1.263695 1.473003
1.900000 1.307104 1.398218
2.000000 1.387091 1.544669
2.100000 1.389062 1.493284
2.200000 1.365532 1.608667
2.300000 1.419288 1.583862
2.400000 1.365736 1.685730
2.500000 1.207422 1.549154
2.600000 1.312278 1.555048
2.700000 1.562673 1.603666
2.800000 1.409676 1.513137
2.900000 1.113373 1.343005
3.000000 1.243343 1.251551
0.100000 1.869006 1.480992
0.200000 2.024449 1.422521
0.300000 2.124489 1.548173
0.400000 2.317398 1.404712
0.500000 2.551300 1.527639
0.600000 2.203544 1.353462
0.700000 2.428856 1.337785
0.800000 2.475253 1.299799
0.900000 2.584304 1.488081
1.000000 2.604561 1.617134
1.100000 2.629705 1.565304
1.200000 2.816113 1.582107
1.300000 2.761072 1.509037
1.400000 2.853194 1.645468
1.500000 2.875412 1.496321
1.600000 2.805911 1.535247
1.700000 2.622399 1.666513
1.800000 2.742710 1.743481
1.900000 2.754243 1.721009
2.000000 3.022149 1.676154
2.100000 2.615484 1.439157
2.200000 2.582773 1.413127
2.300000 2.693578 1.574182
2.400000 2.672468 1.684301
2.500000 2.843120 1.473891
2.600000 2.792768 1.456554
2.700000 2.947319 1.351438
2.800000 2.738709 1.382703
2.900000 2.790379 1.460979
3.000000 2.782470 1.607610
0.100000 1.768331 1.504349
0.200000 1.614149 1.452031
0.300000 1.323708 1.514208
0.400000 1.306863 1.425342
0.500000 1.066092 1.576594
0.600000 1.094254 1.653037
0.700000 1.336199 1.591866
0.800000 1.197644 1.567672
0.900000 1.171312 1.623172
1.000000 1.205323 1.553554
1.100000 1.283185 1.468831
1.200000 1.218810 1.570678
1.300000 1.225561 1.405731
1.400000 1.213196 1.554880
1.500000 1.317227 1.605233
1.600000 1.289291 1.398919
1.700000 1.169360 1.455899
1.800000 1.069292 1.540650
1.900000 1.102183 1.540232
2.000000 1.064157 1.475812
2.100000 1.011345 1.390139
2.200000 1.080489 1.395328
2.300000 1.040622 1.434256
2.400000 0.983138 1.532708
2.500000 1.124613 1.581721
2.600000 1.161435 1.603282
2.700000 1.459591 1.784467
2.800000 1.335559 1.493771
2.900000 1.278793 1.331312
3.000000 1.174615 1.346787
0.100000 2.146241 1.588588
0.200000 2.251175 1.645693
0.300000 2.313907 1.413807
0.400000 2.520657 1.666965
0.500000 2.701985 1.643234
0.600000 2.818338 1.493584
0.700000 2.733222 1.582663
0.800000 2.651284 1.376237
0.900000 2.853332 1.433765
1.000000 2.847077 1.554247
1.100000 2.647269 1.407719
1.200000 2.753548 1.515777
1.300000 2.803298 1.464877
1.400000 2.634818 1.329412
1.500000 2.773473 1.433293
1.600000 2.709898 1.469985
1.700000 2.679667 1.757345
1.800000 2.814643 1.496795
1.900000 2.703785 1.566696
2.000000 2.812091 1.479354
2.100000 2.762774 1.489808
2.200000 2.810659 1.493480
2.300000 2.710687 1.486722
2.400000 2.897192 1.401844
2.500000 2.838421 1.687843
2.600000 2.831483 1.628015
2.700000 2.664638 1.601876
2.800000 2.791493 1.716404
2.900000 2.826877 1.624118
3.000000 2.675391 1.620378
0.100000 1.907131 1.393910
0.200000 2.149922 1.382758
0.300000 2.329605 1.592269
0.400000 2.648871 1.512552
0.500000 2.826420 1.531852
0.600000 2.956354 1.590490
0.700000 2.852565 1.498258
0.800000 2.723657 1.470123
0.900000 2.555278 1.575095
1.000000 2.359304 1.605773
1.100000 2.671920 1.551595
1.200000 2.756258 1.352811
1.300000 2.946245 1.505952
1.400000 2.749958 1.436984
1.500000 2.862834 1.338317
1.600000 2.905269 1.286364
1.700000 3.175246 1.608556
1.800000 3.130060 1.522876
1.900000 2.969383 1.530827
2.000000 2.771727 1.366024
2.100000 2.862671 1.472951
2.200000 2.682875 1.429401
2.300000 2.869807 1.440564
2.400000 2.643994 1.609536
2.500000 2.536673 1.622594
2.600000 2.699103 1.740369
2.700000 2.700947 1.530046
2.800000 2.673766 1.553954
2.900000 2.881035 1.399842
3.000000 2.704018 1.505356
0.100000 1.695334 1.741717
0.200000 1.356488 1.645453
0.300000 1.248967 1.559086
0.400000 1.345261 1.534731
0.500000 1.190665 1.571510
0.600000 1.144152 1.485940
0.700000 1.291127 1.539469
0.800000 1.377941 1.614802
0.900000 1.321529 1.524713
1.000000 1.330111 1.531494
1.100000 1.145237 1.484609
1.200000 1.211320 1.572859
1.300000 1.045432 1.511298
1.400000 1.270813 1.495393
1.500000 1.301511 1.544451
1.600000 1.235124 1.385852
1.700000 1.307962 1.423190
1.800000 1.213487 1.406685
1.900000 1.110700 1.351071
2.000000 1.303838 1.431001
2.100000 1.262486 1.508580
2.200000 1.228643 1.670440
2.300000 1.094018 1.626189
2.400000 1.209676 1.508886
2.500000 1.217664 1.533000
2.600000 1.223022 1.599351
2.700000 1.240705 1.620035
2.800000 1.390825 1.582181
2.900000 1.509514 1.680651
3.000000 1.480492 1.565240
0.100000 1.898254 1.306335
0.200000 2.066929 1.456896
0.300000 2.291723 1.415762
0.400000 2.164168 1.443748
0.500000 2.054329 1.483713
0.600000 2.245791 1.457909
0.700000 2.520302 1.615425
0.800000 2.676601 1.650377
0.900000 2.709077 1.519188
1.000000 2.702693 1.395776
1.100000 2.847460 1.610896
1.200000 2.792545 1.619780
1.300000 2.785329 1.551653
1.400000 2.772108 1.450586
1.500000 2.662795 1.630200
1.600000 2.736536 1.550092
1.700000 2.837247 1.691280
1.800000 2.770579 1.689197
1.900000 2.933357 1.490686
2.000000 2.870531 1.470679
2.100000 2.752072 1.536693
2.200000 2.853161 1.461599
2.300000 2.720128 1.454352
2.400000 2.867323 1.429141
2.500000 2.881218 1.325250
2.600000 2.809554 1.409677
2.700000 2.941794 1.455780
2.800000 2.883156 1.500725
2.900000 2.815047 1.497647
3.000000 2.756840 1.474634
0.100000 2.182974 1.597868
0.200000 2.133908 1.653305
0.300000 2.134042 1.675713
0.400000 2.192903 1.493745
0.500000 2.437255 1.580091
0.600000 2.683833 1.574308
0.700000 2.881692 1.641790
0.800000 2.710263 1.482582
0.900000 2.770351 1.391456
1.000000 2.700581 1.309739
1.100000 2.402775 1.460634
1.200000 2.784188 1.313432
1.300000 2.708303 1.385784
1.400000 2.813342 1.326376
1.500000 2.661304 1.412466
1.600000 2.734686 1.306425
1.700000 3.102274 1.668492
1.800000 2.940355 1.567094
1.900000 2.959189 1.511632
2.000000 3.065757 1.398525
2.100000 2.823772 1.636062
2.200000 2.744444 1.597429
2.300000 2.925142 1.479391
2.400000 3.097911 1.374760
2.500000 2.824367 1.386388
2.600000 2.766831 1.523682
2.700000 2.881598 1.562594
2.800000 2.746318 1.512528
2.900000 2.604033 1.589247
3.000000 2.718422 1.460229
0.100000 2.293609 1.270265
0.200000 2.444205 1.565961
0.300000 2.583059 1.580685
0.400000 2.657395 1.586319
0.500000 2.669668 1.632045
0.600000 2.725137 1.366883
0.700000 2.692257 1.553770
0.800000 2.860340 1.543129
0.900000 2.833219 1.523520
1.000000 2.884788 1.530758
1.100000 2.902717 1.758799
1.200000 2.905196 1.383798
1.300000 2.860720 1.364330
1.400000 2.948575 1.299018
1.500000 2.863277 1.249678
1.600000 2.798357 1.514872
1.700000 2.681170 1.320065
1.800000 2.798789 1.447633
1.900000 2.607587 1.335749
2.000000 2.407484 1.474617
2.100000 2.747412 1.515133
2.200000 2.757647 1.523084
2.300000 2.929090 1.477258
2.400000 2.721857 1.579185
2.500000 2.656082 1.584188
2.600000 2.692741 1.551087
2.700000 2.853006 1.603658
2.800000 2.811492 1.609952
2.900000 2.726264 1.614025
3.000000 2.674621 1.699424
0.100000 1.842479 1.547417
0.200000 1.711861 1.453325
0.300000 1.337991 1.575465
0.400000 1.362127 1.581025
0.500000 1.467162 1.498670
0.600000 1.340202 1.639558
0.700000 1.192120 1.441198
0.800000 1.108014 1.516907
0.900000 0.985327 1.362412
1.000000 1.037888 1.515024
1.100000 1.167679 1.520454
1.200000 1.090268 1.633615
1.300000 1.186406 1.629066
1.400000 1.353418 1.532757
1.500000 1.273120 1.688239
1.600000 1.281264 1.696219
1.700000 1.268208 1.591349
1.800000 1.231035 1.540035
1.900000 1.232285 1.729640
2.000000 1.388237 1.539316
2.100000 1.198385 1.602923
2.200000 1.176516 1.510702
2.300000 1.132418 1.261994
2.400000 1.156591 1.526162
2.500000 1.437849 1.368658
2.600000 1.433050 1.397543
2.700000 1.356215 1.613023
2.800000 1.247051 1.463295
2.900000 1.201418 1.600509
3.000000 1.184315 1.547438
0.100000 1.938635 1.455799
0.200000 1.970650 1.429334
0.300000 2.231784 1.485489
0.400000 2.350781 1.537619
0.500000 2.656418 1.512626
0.600000 2.677999 1.542283
0.700000 2.770138 1.545359
0.800000 2.577988 1.315292
0.900000 2.429082 1.500123
1.000000 2.530149 1.439931
1.100000 2.581974 1.444623
1.200000 2.732498 1.618159
1.300000 2.847822 1.482484
1.400000 2.715411 1.481777
1.500000 2.816743 1.347638
1.600000 2.723627 1.465836
1.700000 2.594585 1.565375
1.800000 2.727063 1.516481
1.900000 2.580761 1.463754
2.000000 2.693093 1.483104
2.100000 2.613165 1.710800
2.200000 2.806363 1.604053
2.300000 3.014459 1.514810
2.400000 2.949677 1.582383
2.500000 2.831065 1.455564
2.600000 2.678345 1.467057
2.700000 2.761409 1.606482
2.800000 2.705682 1.652233
2.900000 2.606576 1.648164
3.000000 2.826516 1.562390
0.100000 1.891517 1.668718
0.200000 1.965912 1.894535
0.300000 1.613762 1.768692
0.400000 1.530673 1.384042
0.500000 1.255829 1.368230
0.600000 1.230445 1.391941
0.700000 1.223729 1.543109
0.800000 1.248524 1.311414
0.900000 1.313444 1.487945
1.000000 1.137992 1.470220
1.100000 1.153645 1.566352
1.200000 1.184223 1.686873
1.300000 1.241588 1.567362
1.400000 1.127086 1.646859
1.500000 1.121569 1.516141
1.600000 1.066132 1.520664
1.700000 1.052334 1.331280
1.800000 1.011863 1.332344
1.900000 0.942286 1.533809
2.000000 0.865326 1.596486
2.100000 1.297490 1.683631
2.200000 1.206601 1.553132
2.300000 1.159858 1.492103
2.400000 0.983845 1.656255
2.500000 1.159925 1.481240
2.600000 1.152844 1.518868
2.700000 1.143761 1.638167
2.800000 1.131198 1.558643
2.900000 1.072762 1.582166
3.000000 1.083616 1.524444
0.100000 1.956482 1.243937
0.200000 2.014373 1.403452
0.300000 2.013904 1.486974
0.400000 1.924274 1.465361
0.500000 1.806859 1.695351
0.600000 1.431967 1.594757
0.700000 1.320331 1.696188
0.800000 1.339816 1.442925
0.900000 1.231058 1.488251
1.000000 1.168208 1.338434
1.100000 1.499284 1.192126
1.200000 1.527477 1.295925
1.300000 1.655480 1.480607
1.400000 1.485631 1.391645
1.500000 1.429409 1.662803
1.600000 1.148910 1.553455
1.700000 1.229589 1.332192
1.800000 1.191157 1.495309
1.900000 1.184024 1.481255
2.000000 1.194306 1.577637
2.100000 1.377924 1.511836
2.200000 1.273215 1.562748
2.300000 1.271070 1.572037
2.400000 1.307557 1.473516
2.500000 1.288756 1.381890
2.600000 1.101811 1.564540
2.700000 1.182320 1.564845
2.800000 1.090850 1.456201
2.900000 1.151532 1.715597
3.000000 1.275090 1.433923
0.100000 2.093916 1.445168
0.200000 2.242864 1.417758
0.300000 2.243478 1.346449
0.400000 2.428658 1.366032
0.500000 2.540908 1.403394
0.600000 2.562089 1.547340
0.700000 2.554240 1.424194
0.800000 2.742083 1.543440
0.900000 2.665266 1.362267
1.000000 2.689753 1.478450
1.100000 2.555731 1.517850
1.200000 2.677742 1.652523
1.300000 2.609434 1.668610
1.400000 2.769311 1.653859
1.500000 2.737202 1.463639
1.600000 2.858812 1.570133
1.700000 2.915270 1.586476
1.800000 2.946832 1.629252
1.900000 2.787507 1.601564
2.000000 2.905154 1.552912
2.100000 3.034473 1.826940
2.200000 2.907088 1.716978
2.300000 2.893763 1.553613
2.400000 2.910021 1.584031
2.500000 2.765536 1.397486
2.600000 2.743188 1.425076
2.700000 2.705831 1.500465
2.800000 2.786493 1.364584
2.900000 2.829717 1.171350
3.000000 2.686535 1.376363
0.100000 2.262131 1.500118
0.200000 2.522553 1.474347
0.300000 2.697766 1.446157
0.400000 2.863619 1.535001
0.500000 2.925307 1.766210
0.600000 2.759586 1.296399
0.700000 2.631814 1.460459
0.800000 2.762352 1.526561
0.900000 2.890487 1.556743
1.000000 2.895263 1.684268
1.100000 2.848126 1.738119
1.200000 2.978187 1.516117
1.300000 2.813865 1.536911
1.400000 2.964821 1.456012
1.500000 2.840930 1.353885
1.600000 2.780696 1.380726
1.700000 2.870721 1.529600
1.800000 2.777781 1.675418
1.900000 2.871948 1.580147
2.000000 2.824386 1.650941
2.100000 2.752808 1.457869
2.200000 2.819453 1.488955
2.300000 2.830676 1.578577
2.400000 2.843229 1.483439
2.500000 2.670248 1.680596
2.600000 2.545500 1.575754
2.700000 2.482466 1.524238
2.800000 2.659242 1.524651
2.900000 2.710116 1.508848
3.000000 2.745472 1.405126
0.100000 2.357642 1.503912
0.200000 2.518104 1.831714
0.300000 2.439546 1.777444
0.400000 2.672339 1.722164
0.500000 2.431343 1.584854
0.600000 2.556794 1.365884
0.700000 2.539436 1.384697
0.800000 2.574535 1.405555
0.900000 2.775408 1.449567
1.000000 2.923607 1.458077
1.100000 2.810992 1.508652
1.200000 2.913238 1.470407
1.300000 3.029756 1.555180
1.400000 3.086229 1.599500
1.500000 2.893468 1.581251
1.600000 2.799782 1.605771
1.700000 2.859321 1.648374
1.800000 2.656145 1.492067
1.900000 2.677240 1.444914
2.000000 2.796482 1.479730
2.100000 2.781873 1.623908
2.200000 2.728360 1.670892
2.300000 2.904836 1.690211
2.400000 2.919724 1.501104
2.500000 3.058968 1.546824
2.600000 2.845428 1.611613
2.700000 2.659207 1.506610
2.800000 2.660016 1.390426
2.900000 2.801866 1.437193
3.000000 2.888191 1.627527
0.100000 1.751234 1.515685
0.200000 1.679410 1.298123
0.300000 1.507661 1.502340
0.400000 1.256853 1.549852
0.500000 1.185831 1.487738
0.600000 1.390534 1.486660
0.700000 1.266278 1.523785
0.800000 1.198753 1.667799
0.900000 1.335582 1.548933
1.000000 1.268621 1.462171
1.100000 1.154152 1.522176
1.200000 1.106807 1.722606
1.300000 1.094425 1.498462
1.400000 1.165910 1.410711
1.500000 1.288443 1.476385
1.600000 1.278296 1.444015
1.700000 1.048652 1.621350
1.800000 1.158292 1.650791
1.900000 1.307652 1.576769
2.000000 1.100826 1.600654
2.100000 1.107673 1.512987
2.200000 1.114464 1.498411
2.300000 0.898090 1.452491
2.400000 1.085357 1.404413
2.500000 1.123287 1.375690
2.600000 1.325154 1.462564
2.700000 1.148478 1.514095
2.800000 1.199543 1.532471
2.900000 1.294533 1.511029
3.000000 1.177090 1.524163
0.100000 2.002964 1.604574
0.200000 1.967633 1.561875
0.300000 1.721969 1.475761
0.400000 1.529331 1.383202
0.500000 1.619259 1.435805
0.600000 1.442328 1.743958
0.700000 1.323097 1.642409
0.800000 1.093073 1.623419
0.900000 1.114592 1.433883
1.000000 1.235631 1.364833
1.100000 1.227977 1.476201
1.200000 1.055510 1.415011
1.300000 1.102377 1.535634
1.400000 1.055014 1.616395
1.500000 1.206440 1.474053
1.600000 1.183567 1.639206
1.700000 1.192744 1.512657
1.800000 1.034751 1.575159
1.900000 1.054800 1.476731
2.000000 1.165791 1.516828
2.100000 1.210699 1.567392
2.200000 1.163766 1.596593
2.300000 1.057232 1.439818
2.400000 1.020587 1.463705
2.500000 1.191990 1.589968
2.600000 1.097768 1.599951
2.700000 1.134927 1.502488
2.800000 1.105030 1.484919
2.900000 1.243452 1.516237
3.000000 1.367604 1.290647
0.100000 1.760109 1.702449
0.200000 1.726864 1.425221
0.300000 1.619983 1.516996
0.400000 1.600958 1.532030
0.500000 1.547576 1.437442
0.600000 1.240553 1.465430
0.700000 1.230509 1.658633
0.800000 1.271306 1.336778
0.900000 1.185700 1.523128
1.000000 1.106510 1.664709
1.100000 1.211029 1.576935
1.200000 1.028011 1.544543
1.300000 1.076485 1.688097
1.400000 1.075255 1.347552
1.500000 1.190389 1.386820
1.600000 1.352078 1.520461
1.700000 1.141125 1.588744
1.800000 1.108933 1.493795
1.900000 1.117752 1.485061
2.000000 0.929560 1.538340
2.100000 0.893110 1.574622
2.200000 0.964828 1.483876
2.300000 1.101795 1.371205
2.400000 1.041437 1.404211
2.500000 1.126513 1.401372
2.600000 1.218471 1.455920
2.700000 1.217174 1.614205
2.800000 1.224031 1.541523
2.900000 1.095575 1.558228
3.000000 1.230483 1.467935
0.100000 2.236594 1.440723
0.200000 1.999044 1.247525
0.300000 1.981489 1.290533
0.400000 1.649307 1.491031
0.500000 1.737610 1.569335
0.600000 1.746397 1.809298
0.700000 1.558381 1.630129
0.800000 1.362056 1.658548
0.900000 1.260144 1.412788
1.000000 1.414602 1.468858
1.100000 1.395344 1.537977
1.200000 1.222382 1.536212
1.300000 1.082666 1.521028
1.400000 1.289058 1.460013
1.500000 1.311077 1.432635
1.600000 1.194312 1.437742
1.700000 1.232268 1.411278
1.800000 1.256583 1.346534
1.900000 1.267379 1.462878
2.000000 1.230317 1.576757
2.100000 1.223489 1.384350
2.200000 1.170504 1.451192
2.300000 1.358624 1.442504
2.400000 1.258146 1.529059
2.500000 1.433635 1.456736
2.600000 1.285804 1.330598
2.700000 1.274985 1.463909
2.800000 1.186570 1.356921
2.900000 1.123121 1.481385
3.000000 1.268124 1.294265
0.100000 1.821894 1.428842
0.200000 1.556939 1.587940
0.300000 1.370787 1.603519
0.400000 1.146829 1.510001
0.500000 1.382668 1.601596
0.600000 1.384684 1.552642
0.700000 1.390976 1.477714
0.800000 1.452019 1.540980
0.900000 1.301647 1.408392
1.000000 1.217983 1.454705
1.100000 1.214845 1.473257
1.200000 1.156697 1.769352
1.300000 1.198088 1.882603
1.400000 1.027926 1.665541
1.500000 1.158277 1.579934
1.600000 1.283244 1.556941
1.700000 1.170816 1.591036
1.800000 1.231162 1.625367
1.900000 1.086651 1.619289
2.000000 1.111327 1.392375
2.100000 1.134157 1.685535
2.200000 0.912690 1.630146
2.300000 1.008158 1.728288
2.400000 0.942698 1.599145
2.500000 1.239943 1.660631
2.600000 1.090588 1.668322
2.700000 1.085863 1.605355
2.800000 1.060250 1.478530
2.900000 0.955827 1.418001
3.000000 1.110496 1.543378
0.100000 1.959159 1.666092
0.200000 1.784283 1.540407
0.300000 1.644386 1.521113
0.400000 1.338239 1.513653
0.500000 1.104862 1.449714
0.600000 1.213849 1.441534
0.700000 1.328443 1.517717
0.800000 1.181970 1.586655
0.900000 1.125940 1.766998
1.000000 1.288670 1.619340
1.100000 1.435254 1.582975
1.200000 1.402320 1.564500
1.300000 1.100767 1.621987
1.400000 1.091460 1.604877
1.500000 0.982236 1.654340
1.600000 0.830709 1.668478
1.700000 0.981948 1.553370
1.800000 1.031524 1.607141
1.900000 1.087827 1.583022
2.000000 1.196475 1.443471
2.100000 1.295510 1.496151
2.200000 1.054973 1.404919
2.300000 1.193545 1.633309
2.400000 1.042885 1.487315
2.500000 1.209008 1.403337
2.600000 1.089205 1.498360
2.700000 1.171428 1.437924
2.800000 1.171123 1.426862
2.900000 1.285727 1.648387
3.000000 1.231288 1.654190
0.100000 1.872519 1.451328
0.200000 1.884580 1.498664
0.300000 1.710366 1.393441
0.400000 1.577448 1.606395
0.500000 1.556313 1.639393
0.600000 1.397643 1.833556
0.700000 1.388543 1.560244
0.800000 1.318991 1.498821
0.900000 1.337069 1.682075
1.000000 1.249254 1.594900
1.100000 1.174220 1.454776
1.200000 1.230534 1.262242
1.300000 1.119855 1.594881
1.400000 1.051401 1.578211
1.500000 1.016230 1.495103
1.600000 1.185570 1.586654
1.700000 1.053978 1.670348
1.800000 1.045098 1.553209
1.900000 1.044144 1.564218
2.000000 1.068141 1.495831
2.100000 1.082947 1.383705
2.200000 1.184863 1.340322
2.300000 1.054547 1.532257
2.400000 1.007801 1.492558
2.500000 1.049508 1.465977
2.600000 0.976112 1.448132
2.700000 1.067167 1.371770
2.800000 1.330981 1.498641
2.900000 1.307268 1.487354
3.000000 1.274797 1.604328
0.100000 1.827102 1.493341
0.200000 2.114737 1.484521
0.300000 2.327060 1.474743
0.400000 2.447987 1.691412
0.500000 2.705336 1.492573
0.600000 2.536309 1.471762
0.700000 2.674449 1.597372
0.800000 2.904930 1.638698
0.900000 2.803456 1.557542
1.000000 2.676975 1.454628
1.100000 2.736318 1.537645
1.200000 2.813329 1.410298
1.300000 2.785522 1.618642
1.400000 2.866040 1.542580
1.500000 2.868391 1.550927
1.600000 2.966458 1.580359
1.700000 2.877950 1.678523
1.800000 2.762170 1.614099
1.900000 2.802998 1.382847
2.000000 2.716195 1.382139
2.100000 2.839727 1.471188
2.200000 2.827033 1.427578
2.300000 2.843503 1.615005
2.400000 2.744395 1.439909
2.500000 2.867731 1.443405
2.600000 2.825551 1.600701
2.700000 2.795407 1.462298
2.800000 2.853220 1.362520
2.900000 2.805883 1.536746
3.000000 2.540005 1.492373
0.100000 2.386952 1.232880
0.200000 2.273643 1.160905
0.300000 2.461140 1.093004
0.400000 2.722124 1.221293
0.500000 2.611300 1.346613
0.600000 2.704731 1.305264
0.700000 2.589465 1.416529
0.800000 2.873934 1.609955
0.900000 2.891896 1.593380
1.000000 2.909119 1.458114
1.100000 2.914641 1.402890
1.200000 2.854234 1.454444
1.300000 2.727727 1.613781
1.400000 2.726253 1.589177
1.500000 2.876650 1.773941
1.600000 2.927865 1.536661
1.700000 2.803143 1.572588
1.800000 2.997297 1.560755
1.900000 2.910432 1.608545
2.000000 3.021068 1.601794
2.100000 2.800474 1.490916
2.200000 2.762983 1.472868
2.300000 3.036721 1.614829
2.400000 2.941900 1.478903
2.500000 2.942206 1.523400
2.600000 2.855191 1.485327
2.700000 2.888142 1.432658
2.800000 2.773248 1.310202
2.900000 2.868382 1.435808
3.000000 2.898354 1.596021
0.100000 2.204189 1.454257
0.200000 2.688134 1.142748
0.300000 2.568665 1.241067
0.400000 2.754450 1.465786
0.500000 2.934348 1.384658
0.600000 2.860915 1.625166
0.700000 2.919361 1.679618
0.800000 2.773598 1.507707
0.900000 2.794540 1.568528
1.000000 2.704338 1.594929
1.100000 2.825945 1.376804
1.200000 3.010086 1.418497
1.300000 2.711035 1.430886
1.400000 2.814633 1.346430
1.500000 3.039946 1.436280
1.600000 2.957843 1.504751
1.700000 2.765980 1.522841
1.800000 2.735471 1.401667
1.900000 2.797737 1.357557
2.000000 2.637392 1.428253
2.100000 2.582446 1.498436
2.200000 2.659397 1.691229
2.300000 2.657815 1.562831
2.400000 2.536384 1.480933
2.500000 2.526335 1.449663
2.600000 2.657864 1.387296
2.700000 2.711261 1.406963
2.800000 2.533600 1.400626
2.900000 2.747158 1.528262
3.000000 2.761528 1.362714
0.100000 2.119602 1.694427
0.200000 2.035523 1.945470
0.300000 1.974894 1.780673
0.400000 1.814120 1.821597
0.500000 1.849529 1.737383
0.600000 1.533679 1.896867
0.700000 1.555024 1.803209
0.800000 1.537562 1.600901
0.900000 1.445287 1.931199
1.000000 1.431871 1.721655
1.100000 1.223920 1.611001
1.200000 1.270769 1.581276
1.300000 1.199333 1.429859
1.400000 1.089122 1.452938
1.500000 1.231041 1.468974
1.600000 1.312208 1.409117
1.700000 1.274819 1.409589
1.800000 1.236227 1.435927
1.900000 1.269709 1.451917
2.000000 1.392298 1.196659
2.100000 1.372755 1.219426
2.200000 1.312336 1.327157
2.300000 1.232501 1.375199
2.400000 1.290632 1.520289
2.500000 1.265416 1.635083
2.600000 1.152969 1.529060
2.700000 1.135179 1.319235
2.800000 1.236256 1.484847
2.900000 1.308643 1.432764
3.000000 1.367418 1.340530
0.100000 1.856047 1.612742
0.200000 1.662657 1.399585
0.300000 1.654411 1.471709
0.400000 1.501546 1.520034
0.500000 1.409543 1.598492
0.600000 1.213747 1.498792
0.700000 0.842017 1.453409
0.800000 0.933727 1.607913
0.900000 1.299649 1.507567
1.000000 1.153826 1.389630
1.100000 1.170856 1.568593
1.200000 1.125565 1.517455
1.300000 1.245762 1.539013
1.400000 1.294361 1.647210
1.500000 1.290053 1.616327
1.600000 1.278860 1.502585
1.700000 1.320145 1.453225
1.800000 1.137624 1.396797
1.900000 1.137453 1.469265
2.000000 0.979621 1.554566
2.100000 0.988350 1.555272
2.200000 1.143241 1.593965
2.300000 1.061019 1.654319
2.400000 1.146083 1.687703
2.500000 1.132296 1.621577
2.600000 1.140141 1.530644
2.700000 1.002832 1.314358
2.800000 1.123553 1.442542
2.900000 1.184461 1.493637
3.000000 1.324178 1.688592
0.100000 2.384590 1.444066
0.200000 2.595297 1.399460
0.300000 2.680086 1.505471
0.400000 2.789798 1.418327
0.500000 2.708588 1.466721
0.600000 2.985743 1.361970
0.700000 2.935870 1.625091
0.800000 2.828055 1.517419
0.900000 2.923589 1.564311
1.000000 2.980446 1.617046
1.100000 2.953935 1.559698
1.200000 2.784349 1.534052
1.300000 2.789555 1.398472
1.400000 2.822408 1.458080
1.500000 2.958820 1.505384
1.600000 3.060081 1.346310
1.700000 2.929916 1.555173
1.800000 2.873505 1.592435
1.900000 2.872456 1.486121
2.000000 2.518315 1.397317
2.100000 2.472594 1.335112
2.200000 2.655397 1.613604
2.300000 2.770171 1.525380
2.400000 2.720704 1.671021
2.500000 2.882601 1.497956
2.600000 2.928187 1.139242
2.700000 2.873929 1.582517
2.800000 2.913145 1.710077
2.900000 2.860281 1.635694
3.000000 2.890784 1.567843
0.100000 2.189177 1.384784
0.200000 2.323707 1.500849
0.300000 2.577472 1.647704
0.400000 2.398213 1.756563
0.500000 2.572698 1.559249
0.600000 2.676702 1.560507
0.700000 2.695702 1.551235
0.800000 2.715517 1.473047
0.900000 2.726754 1.435915
1.000000 2.768101 1.559740
1.100000 2.717169 1.661483
1.200000 2.847811 1.751686
1.300000 2.752981 1.575457
1.400000 2.678758 1.509573
1.500000 2.706298 1.452068
1.600000 2.673614 1.434735
1.700000 2.657592 1.506905
1.800000 2.791346 1.636195
1.900000 2.771303 1.494470
2.000000 2.814846 1.650275
2.100000 3.000108 1.524945
2.200000 2.931694 1.489553
2.300000 2.790554 1.484279
2.400000 2.893875 1.524265
2.500000 2.717689 1.679821
2.600000 2.870366 1.356939
2.700000 2.918753 1.462485
2.800000 2.811354 1.556840
2.900000 2.952947 1.399719
3.000000 2.865934 1.547108
0.100000 2.080625 1.679197
0.200000 2.280798 1.595563
0.300000 2.060268 1.522915
0.400000 2.414866 1.443883
0.500000 2.578574 1.638569
0.600000 2.665256 1.659375
0.700000 2.738622 1.519664
0.800000 2.842270 1.658025
0.900000 2.583247 1.790163
1.000000 2.730440 1.506068
1.100000 2.926436 1.391770
1.200000 2.740777 1.454647
1.300000 2.657245 1.385880
1.400000 2.807834 1.584916
1.500000 2.749410 1.533559
1.600000 2.576992 1.507976
1.700000 2.653174 1.534112
1.800000 2.906978 1.664728
1.900000 2.882993 1.402326
2.000000 2.789846 1.233585
2.100000 2.680265 1.413174
2.200000 2.741190 1.485188
2.300000 2.824558 1.400556
2.400000 2.750991 1.343843
2.500000 2.733383 1.359455
2.600000 2.822947 1.431523
2.700000 2.972395 1.593098
2.800000 2.873849 1.625133
2.900000 3.010652 1.760248
3.000000 2.786374 1.710173
0.100000 2.417032 1.517189
0.200000 2.575250 1.432047
0.300000 2.756386 1.601326
0.400000 2.702703 1.330450
0.500000 2.772280 1.259513
0.600000 2.816865 1.201524
0.700000 2.784070 1.307603
0.800000 2.751663 1.436030
0.900000 2.607324 1.421154
1.000000 2.851779 1.623564
1.100000 2.759223 1.469011
1.200000 2.805223 1.551082
1.300000 2.883134 1.522350
1.400000 2.875545 1.350215
1.500000 2.880416 1.534925
1.600000 2.848356 1.366237
1.700000 2.810663 1.394823
1.800000 2.836908 1.557175
1.900000 2.674361 1.508206
2.000000 2.605958 1.455795
2.100000 2.785893 1.346218
2.200000 2.788646 1.475409
2.300000 2.876346 1.576191
2.400000 2.703006 1.573876
2.500000 2.802788 1.683337
2.600000 2.654064 1.477677
2.700000 2.503481 1.541940
2.800000 2.850792 1.481190
2.900000 2.855410 1.427461
3.000000 2.757458 1.438673
0.100000 1.969850 1.499678
0.200000 1.844384 1.523845
0.300000 1.637473 1.577197
0.400000 1.825504 1.638048
0.500000 1.756737 1.571774
0.600000 1.711364 1.570669
0.700000 1.555972 1.660948
0.800000 1.363863 1.597212
0.900000 1.210252 1.521378
1.000000 1.249434 1.403873
1.100000 1.072088 1.518198
1.200000 1.174833 1.685658
1.300000 1.256659 1.520990
1.400000 1.126625 1.594433
1.500000 1.086935 1.614769
1.600000 1.064844 1.554807
1.700000 1.035064 1.599003
1.800000 1.154040 1.555322
1.900000 1.314488 1.626620
2.000000 1.572021 1.583934
2.100000 1.321049 1.583639
2.200000 1.036506 1.473841
2.300000 1.077931 1.409887
2.400000 1.204920 1.394643
2.500000 1.096755 1.389730
2.600000 1.038351 1.609909
2.700000 1.162345 1.563323
2.800000 0.990461 1.773109
2.900000 1.165472 1.570349
3.000000 1.131994 1.577417
0.100000 2.134377 1.499869
0.200000 2.393260 1.616054
0.300000 2.488077 1.278164
0.400000 2.717741 1.368551
0.500000 2.844582 1.493554
0.600000 2.793765 1.583649
0.700000 2.985045 1.629424
0.800000 3.029793 1.520966
0.900000 2.932472 1.497274
1.000000 2.713616 1.673381
1.100000 2.839471 1.469074
1.200000 2.811467 1.336750
1.300000 2.700093 1.407310
1.400000 2.703568 1.531167
1.500000 2.820851 1.608009
1.600000 2.953681 1.431825
1.700000 2.791364 1.452794
1.800000 2.932992 1.692332
1.900000 2.961886 1.463891
2.000000 2.800532 1.598219
2.100000 2.889696 1.616008
2.200000 2.987559 1.609628
2.300000 2.875570 1.460554
2.400000 2.758475 1.436897
2.500000 2.679137 1.463899
2.600000 2.713243 1.526004
2.700000 2.811034 1.426101
2.800000 2.824204 1.556354
2.900000 2.842003 1.524657
3.000000 2.936725 1.419369
0.100000 2.160842 1.595244
0.200000 2.246561 1.452891
0.300000 2.543010 1.393031
0.400000 2.657802 1.296673
0.500000 2.838749 1.352089
0.600000 2.668806 1.290057
0.700000 2.758123 1.209659
0.800000 2.773785 1.357891
0.900000 2.634336 1.342801
1.000000 2.765994 1.498153
1.100000 2.923056 1.532449
1.200000 2.734144 1.466549
1.300000 2.846419 1.626767
1.400000 2.835624 1.532985
1.500000 2.705303 1.549261
1.600000 2.892086 1.415980
1.700000 2.938005 1.449726
1.800000 3.044518 1.457616
1.900000 3.108660 1.386499
2.000000 3.055499 1.447048
2.100000 3.019697 1.190239
2.200000 3.054173 1.435547
2.300000 3.110266 1.490619
2.400000 2.908012 1.497887
2.500000 2.929613 1.623233
2.600000 2.854652 1.423145
2.700000 2.741530 1.616095
2.800000 2.735236 1.689512
2.900000 2.695487 1.687551
3.000000 2.709177 1.634343
0.100000 2.002896 1.728049
0.200000 1.987885 1.438948
0.300000 2.012665 1.504010
0.400000 1.969733 1.576036
0.500000 1.955649 1.558078
0.600000 1.800182 1.565045
0.700000 1.469299 1.519683
0.800000 1.225930 1.416821
0.900000 1.237956 1.548487
1.000000 1.282753 1.345097
1.100000 1.272723 1.406407
1.200000 1.114482 1.579540
1.300000 0.925317 1.646763
1.400000 1.117045 1.411735
1.500000 1.223933 1.492911
1.600000 1.085982 1.492775
1.700000 1.259940 1.473800
1.800000 1.174414 1.507173
1.900000 1.175150 1.503744
2.000000 1.113477 1.554028
2.100000 1.186182 1.417132
2.200000 1.144172 1.555941
2.300000 1.289925 1.421384
2.400000 1.201466 1.477688
2.500000 1.172258 1.481983
2.600000 1.196575 1.620939
2.700000 1.188456 1.586121
2.800000 1.212511 1.501315
2.900000 1.177012 1.720273
3.000000 1.133874 1.694598
0.100000 1.860557 1.572783
0.200000 1.710503 1.617225
0.300000 1.569125 1.450667
0.400000 1.401382 1.467680
0.500000 1.274667 1.464593
0.600000 1.175698 1.375783
0.700000 1.150264 1.500111
0.800000 1.215733 1.558366
0.900000 1.387983 1.622132
1.000000 1.271046 1.403887
1.100000 1.257683 1.452441
1.200000 1.439552 1.513949
1.300000 1.336266 1.420484
1.400000 1.227152 1.428121
1.500000 1.226820 1.582140
1.600000 1.320066 1.585743
1.700000 1.188012 1.332249
1.800000 1.394782 1.421290
1.900000 1.095320 1.356098
2.000000 1.034375 1.370022
2.100000 1.065859 1.330856
2.200000 0.890169 1.504988
2.300000 0.937882 1.540344
2.400000 1.127620 1.552641
2.500000 1.147851 1.528946
2.600000 1.031702 1.537147
2.700000 1.069392 1.629422
2.800000 1.022896 1.659700
2.900000 1.033859 1.561147
3.000000 1.211200 1.422552
0.100000 2.040408 1.525832
0.200000 2.073689 1.557594
0.300000 2.048063 1.662445
0.400000 1.760597 1.413702
0.500000 1.738114 1.423496
0.600000 1.868852 1.384548
0.700000 1.818234 1.425587
0.800000 1.811235 1.280197
0.900000 1.693850 1.346073
1.000000 1.401082 1.394237
1.100000 1.270535 1.681788
1.200000 1.324627 1.661529
1.300000 1.364178 1.579103
1.400000 1.204783 1.658869
1.500000 1.249726 1.479715
1.600000 1.272911 1.520809
1.700000 0.997685 1.529414
1.800000 1.090838 1.446105
1.900000 1.180875 1.470007
2.000000 1.251533 1.459812
2.100000 1.300213 1.522278
2.200000 1.221020 1.541322
2.300000 1.238508 1.564887
2.400000 1.269155 1.518476
2.500000 1.132520 1.401916
2.600000 1.217695 1.524315
2.700000 1.033021 1.423561
2.800000 0.940574 1.550136
2.900000 1.121172 1.663177
3.000000 1.223289 1.531445
0.100000 2.047875 1.620599
0.200000 1.801979 1.412960
0.300000 1.879406 1.321141
0.400000 1.624164 1.285396
0.500000 1.506060 1.404446
0.600000 1.281535 1.433043
0.700000 1.249232 1.485955
0.800000 1.166744 1.477120
0.900000 1.252931 1.362393
1.000000 1.152066 1.307234
1.100000 1.230754 1.441460
1.200000 1.301472 1.414379
1.300000 1.219286 1.363321
1.400000 1.253635 1.586377
1.500000 1.230232 1.662707
1.600000 1.176009 1.785697
1.700000 1.184061 1.603813
1.800000 1.009267 1.741392
1.900000 1.213239 1.556105
2.000000 1.225413 1.440052
2.100000 1.175647 1.598775
2.200000 1.240330 1.332744
2.300000 1.238851 1.438630
2.400000 1.297909 1.710131
2.500000 1.359159 1.612860
2.600000 1.314163 1.535055
2.700000 1.155479 1.758280
2.800000 1.099979 1.622119
2.900000 1.264462 1.608233
3.000000 1.368906 1.488598
0.100000 2.172198 1.438257
0.200000 2.425049 1.408062
0.300000 2.521616 1.559051
0.400000 2.554222 1.491213
0.500000 2.689517 1.517709
0.600000 2.738125 1.502721
0.700000 2.711707 1.520945
0.800000 2.621334 1.452070
0.900000 2.631266 1.536079
1.000000 2.707623 1.624358
1.100000 2.564062 1.650905
1.200000 2.541224 1.340066
1.300000 2.538584 1.329285
1.400000 2.550070 1.334896
1.500000 2.659355 1.422725
1.600000 2.686632 1.460461
1.700000 2.648534 1.527486
1.800000 2.619143 1.402218
1.900000 2.637515 1.471021
2.000000 2.522510 1.264866
2.100000 2.728324 1.232572
2.200000 2.496828 1.517287
2.300000 2.558973 1.544577
2.400000 2.727831 1.563028
2.500000 2.637112 1.575566
2.600000 2.783041 1.458113
2.700000 2.786877 1.496160
2.800000 2.682238 1.592338
2.900000 2.901758 1.632728
3.000000 2.870546 1.642732
